1006
574
253
64
55
236
606
1058
1559
2039
2423
2732
2899
2907
2827
2619
2289
1833
1347
867
457
182
22
110
335
793
1243
1707
2242
2544
2776
2891
2891
2771
2534
2125
1671
1185
758
400
81
40
158
470
878
1394
1887
2308
2634
2822
2907
2870
2707
2460
2015
1528
1034
598
244
54
55
227
588
1034
1531
2015
2429
2709
2862
2916
2826
2634
2308
1913
1389
891
479
226
39
101
352
716
1184
1688
2151
2525
2765
2878
2893
2790
2549
2181
1718
1198
743
354
100
27
147
451
854
1342
1846
2289
2619
2815
2927
2875
2703
2453
2077
1547
1069
622
267
73
51
238
564
1003
1544
1990
2415
2704
2855
2895
2840
2695
2378
1887
1378
914
498
201
40
84
325
695
1155
1655
2145
2506
2752
2885
2915
2795
2528
2223
1741
1243
775
387
131
17
152
428
829
1310
1891
2268
2600
2810
2909
2865
2737
2462
2112
1574
1090
645
300
77
44
214
540
923
1455
1976
2383
2683
2849
2909
2884
2670
2345
1917
1416
939
519
199
47
70
311
675
1147
1622
2115
2476
2748
2878
2907
2800
2583
2225
1761
1268
800
398
157
10
156
408
788
1319
1791
2241
2640
2815
2909
2884
2740
2479
2083
1612
1120
658
309
64
55
188
518
942
1452
1920
2375
2668
2847
2912
2855
2679
2374
1942
1451
976
552
238
39
102
294
639
1122
1552
2093
2479
2740
2876
2900
2814
2595
2250
1790
1296
808
423
158
26
114
390
769
1252
1763
2224
2575
2796
2897
2883
2747
2498
2104
1632
1148
677
319
113
28
205
495
929
1421
1915
2337
2656
2835
2912
2855
2694
2399
1951
1481
990
560
242
59
62
295
630
1076
1574
2067
2451
2722
2860
2901
2811
2605
2271
1808
1322
835
464
179
38
113
370
756
1232
1731
2188
2559
2837
2875
2871
2758
2536
2135
1666
1170
705
339
96
31
182
488
906
1392
1887
2317
2681
2831
2910
2859
2705
2415
1990
1510
1009
580
244
60
58
264
607
1030
1560
2061
2438
2711
2838
2922
2822
2582
2276
1844
1344
867
458
182
27
101
330
723
1201
1711
2206
2527
2756
2902
2924
2754
2528
2159
1686
1195
728
353
102
27
168
466
868
1378
1899
2307
2635
2826
2923
2868
2715
2432
2021
1532
1042
602
263
98
34
246
585
1042
1535
1991
2375
2735
2855
2917
2829
2655
2317
1832
1358
892
479
176
29
78
330
734
1178
1683
2158
2529
2764
2889
2896
2783
2550
2196
1718
1226
776
378
136
7
161
450
840
1349
1839
2288
2614
2815
2894
2880
2725
2455
2043
1564
1059
623
333
77
50
234
568
1001
1495
1988
2405
2698
2851
2910
2841
2651
2351
1899
1403
915
486
190
13
100
330
689
1152
1667
2137
2510
2753
2895
2900
2779
2551
2205
1760
1240
776
393
130
18
154
425
831
1311
1815
2264
2597
2851
2943
2860
2729
2455
2061
1580
1096
642
294
74
46
216
540
978
1475
1966
2386
2682
2842
2922
2847
2664
2347
1917
1389
928
516
221
44
87
306
648
1128
1621
2123
2488
2748
2873
2900
2797
2576
2252
1775
1265
793
405
142
11
134
410
812
1289
1810
2244
2589
2801
2902
2882
2734
2462
2090
1605
1110
662
303
78
23
232
504
944
1423
1947
2362
2666
2843
2923
2846
2682
2366
1949
1453
966
538
227
54
77
262
626
1107
1586
2080
2478
2740
2924
2907
2806
2590
2248
1802
1295
817
423
191
13
112
426
783
1227
1771
2237
2595
2795
2905
2888
2755
2501
2116
1633
1152
692
331
94
32
197
506
925
1418
1914
2343
2658
2838
2916
2859
2708
2391
1912
1507
986
523
242
110
75
274
616
1069
1571
2066
2462
2725
2880
2898
2821
2625
2259
1814
1333
849
437
158
31
115
371
755
1227
1747
2200
2557
2783
2893
2898
2748
2510
2138
1681
1163
701
326
139
32
183
477
903
1392
1889
2322
2651
2804
2915
2847
2700
2390
1995
1499
1007
579
258
58
64
264
609
1045
1548
2041
2431
2722
2861
2917
2820
2626
2364
1854
1368
871
462
175
29
102
355
740
1203
1680
2185
2545
2778
2888
2882
2776
2530
2157
1679
1188
730
357
108
24
169
462
899
1382
1887
2302
2630
2823
2907
2852
2750
2437
2015
1528
1036
595
259
60
55
254
585
1026
1526
2057
2421
2704
2867
2897
2822
2636
2312
1868
1378
894
482
192
63
88
351
714
1164
1671
2146
2529
2765
2887
2897
2777
2544
2178
1720
1214
754
352
132
0
169
434
847
1339
1829
2295
2621
2818
2906
2873
2721
2443
2043
1553
1061
623
259
75
47
247
566
1018
1480
1990
2401
2702
2855
2917
2830
2655
2326
1899
1401
915
499
191
38
133
330
692
1161
1651
2134
2512
2758
2883
2895
2793
2562
2179
1728
1247
766
356
116
16
153
403
831
1307
1828
2271
2607
2801
2948
2876
2735
2459
2056
1571
1073
646
279
93
48
228
546
979
1476
1967
2391
2683
2846
2952
2830
2651
2364
1903
1421
932
530
219
46
78
304
672
1137
1632
2105
2495
2748
2867
2924
2771
2546
2211
1768
1264
819
404
139
23
139
409
815
1294
1791
2254
2568
2784
2903
2879
2743
2478
2071
1598
1109
657
310
82
41
191
526
955
1444
1948
2362
2667
2849
2907
2836
2680
2369
1937
1445
963
536
225
50
72
291
657
1111
1621
2155
2484
2739
2873
2903
2809
2579
2247
1787
1290
813
419
168
24
117
391
783
1266
1764
2225
2558
2844
2898
2877
2755
2495
2112
1630
1134
675
319
106
0
179
492
922
1427
1918
2347
2643
2847
2918
2858
2688
2387
1960
1471
981
572
235
51
50
268
661
1072
1563
2073
2471
2729
2870
2911
2813
2608
2269
1815
1347
835
444
163
31
118
351
746
1228
1737
2212
2555
2785
2890
2890
2755
2517
2144
1639
1145
699
336
98
41
190
472
910
1392
1891
2334
2640
2827
2911
2864
2691
2380
1978
1499
1025
577
266
37
57
262
600
1059
1553
2041
2442
2730
2865
2892
2821
2613
2283
1834
1348
879
495
179
41
101
357
753
1210
1722
2182
2550
2773
2906
2899
2779
2518
2158
1682
1172
783
354
121
28
171
466
878
1327
1863
2304
2611
2831
2910
2867
2696
2417
2019
1527
1015
597
263
71
56
252
583
1032
1507
1999
2411
2702
2870
2907
2820
2627
2323
1855
1366
891
474
189
36
94
370
703
1194
1679
2147
2524
2773
2885
2908
2785
2538
2180
1715
1222
753
377
123
26
155
385
842
1319
1842
2270
2614
2820
2846
2865
2734
2449
2040
1561
1070
619
280
66
52
246
590
996
1489
1983
2403
2694
2850
2920
2835
2657
2335
1899
1420
919
481
180
55
72
276
676
1146
1630
2155
2540
2750
2879
2902
2796
2563
2215
1742
1253
785
395
139
24
164
424
820
1312
1817
2270
2596
2811
2902
2880
2737
2474
2073
1600
1119
649
307
75
42
215
520
1023
1460
1955
2376
2680
2844
2914
2838
2690
2359
1949
1427
955
491
210
111
72
316
659
1112
1616
2106
2489
2746
2873
2905
2800
2574
2245
1778
1269
817
411
160
24
143
386
795
1272
1776
2235
2580
2799
2895
2885
2753
2497
2109
1629
1135
675
332
80
41
207
511
941
1423
1925
2350
2655
2841
2908
2856
2683
2379
2042
1436
992
553
237
54
68
280
631
1096
1591
2053
2471
2733
2870
2907
2841
2600
2240
1793
1346
836
431
163
29
112
385
767
1220
1752
2201
2555
2786
2894
2901
2751
2520
2131
1644
1154
699
331
91
34
185
475
911
1396
1898
2322
2651
2850
2914
2860
2703
2407
1986
1490
1008
560
248
60
45
256
617
1053
1557
2031
2444
2703
2916
2931
2822
2615
2290
1832
1341
865
457
180
37
107
340
727
1199
1712
2183
2546
2771
2889
2892
2774
2530
2158
1682
1187
734
359
93
0
162
473
876
1352
1865
2290
2639
2818
2917
2864
2712
2433
2064
1527
1040
592
246
59
71
257
583
1032
1545
2015
2428
2699
2865
2890
2822
2637
2310
1872
1381
869
484
191
40
104
291
724
1185
1688
2149
2526
2770
2895
2900
2774
2551
2180
1714
1215
739
365
121
24
164
444
859
1345
1843
2283
2620
2815
2898
2870
2749
2428
2042
1552
1068
623
243
62
52
230
571
1001
1526
2063
2418
2696
2853
2900
2828
2655
2319
1893
1439
915
519
199
45
82
326
690
1167
1662
2127
2506
2765
2904
2903
2795
2557
2167
1763
1232
779
382
132
15
142
436
859
1311
1829
2276
2605
2803
2904
2859
2710
2455
2063
1574
1086
640
290
78
46
219
539
969
1449
1966
2399
2683
2847
2924
2838
2675
2347
1915
1423
950
520
209
50
133
310
672
1130
1624
2096
2494
2740
2876
2901
2801
2577
2224
1766
1264
794
404
146
35
136
414
807
1285
1790
2254
2602
2797
2899
2882
2743
2481
2084
1613
1113
665
306
136
28
202
515
953
1424
1921
2365
2666
2853
2916
2852
2675
2370
1937
1456
971
507
228
53
75
290
654
1092
1591
2085
2474
2749
2871
2901
2807
2592
2215
1787
1302
817
433
140
43
134
387
774
1295
1755
2223
2569
2789
2895
2892
2770
2508
2101
1628
1142
687
322
92
17
181
498
933
1413
1911
2344
2638
2838
2922
2869
2672
2394
1955
1478
991
561
240
71
57
274
633
1076
1571
2056
2455
2737
2867
2950
2820
2612
2251
1820
1327
846
453
168
26
112
363
758
1231
1727
2194
2555
2762
2891
2894
2768
2520
2146
1681
1173
731
343
101
33
184
483
892
1383
1881
2326
2640
2800
2896
2852
2709
2407
1990
1512
1015
580
251
77
57
228
591
1044
1543
2015
2440
2713
2865
2922
2830
2636
2276
1871
1351
883
467
178
34
107
370
720
1215
1711
2183
2540
2767
2893
2901
2767
2546
2162
1687
1195
730
355
111
16
171
467
883
1399
1859
2290
2636
2823
2906
2869
2716
2435
2022
1533
1039
606
253
16
66
219
576
1023
1523
2013
2400
2711
2858
2912
2833
2640
2317
1875
1374
905
480
191
31
90
336
747
1175
1684
2131
2517
2774
2888
2896
2786
2546
2193
1707
1210
768
408
163
0
155
447
836
1363
1834
2283
2615
2815
2903
2879
2703
2457
2069
1557
1059
623
278
72
53
235
541
1006
1495
1987
2398
2692
2863
2915
2838
2631
2303
1892
1392
923
491
227
62
29
322
691
1155
1653
2138
2511
2755
2883
2900
2779
2565
2225
1719
1247
778
392
120
23
168
425
831
1314
1811
2267
2610
2816
2884
2867
2722
2470
2068
1572
1094
647
282
68
45
217
524
987
1469
1972
2386
2678
2849
2922
2843
2654
2350
1919
1416
941
512
215
47
76
296
673
1126
1617
2139
2502
2719
2871
2901
2800
2579
2230
1765
1263
789
407
145
21
135
403
800
1287
1793
2250
2580
2810
2898
2899
2723
2475
2084
1607
1114
663
300
78
29
220
547
953
1430
1930
2369
2669
2874
2912
2855
2676
2372
1942
1450
963
540
228
48
74
289
656
1104
1604
2092
2479
2737
2877
2901
2808
2605
2246
1779
1296
811
412
143
12
128
406
767
1259
1745
2266
2570
2794
2899
2881
2754
2506
2107
1634
1139
682
323
92
36
197
507
941
1426
1983
2347
2658
2836
2926
2851
2683
2388
1969
1519
983
559
244
54
69
243
590
1071
1582
2057
2460
2727
2873
2906
2819
2658
2316
1865
1317
844
445
159
32
114
354
762
1235
1740
2216
2554
2785
2910
2895
2736
2531
2137
1655
1144
702
340
91
35
179
487
904
1392
1883
2303
2654
2841
2886
2857
2707
2412
1989
1495
1014
595
250
66
62
265
603
1063
1556
2042
2443
2709
2861
2940
2819
2632
2295
1827
1317
859
453
170
29
104
355
743
1238
1716
2257
2530
2779
2874
2893
2768
2534
2158
1686
1190
726
353
109
25
169
462
882
1419
1845
2311
2628
2815
2883
2858
2698
2435
2012
1527
1028
599
254
65
58
253
586
1038
1516
2013
2441
2696
2854
2917
2831
2636
2312
1866
1378
895
484
185
38
60
323
721
1170
1682
2159
2523
2823
2881
2900
2778
2547
2176
1715
1207
753
372
115
24
190
431
864
1341
1829
2333
2606
2815
2909
2872
2731
2446
2034
1552
1048
636
304
71
52
233
566
1019
1477
1978
2406
2696
2858
2938
2838
2648
2340
1903
1402
914
507
199
40
70
328
702
1131
1660
2143
2516
2760
2882
2895
2786
2562
2205
1741
1223
775
383
128
54
142
444
835
1316
1823
2270
2605
2811
2907
2871
2729
2485
2060
1580
1086
626
288
93
32
214
552
979
1481
1971
2397
2688
2848
2949
2890
2665
2335
1901
1423
932
525
203
66
76
311
673
1131
1626
2113
2498
2758
2864
2901
2825
2581
2198
1789
1257
801
392
140
30
148
404
805
1294
1811
2261
2589
2795
2892
2879
2709
2483
2073
1592
1114
661
308
88
44
189
531
972
1467
1947
2399
2672
2847
2915
2846
2672
2367
1944
1441
962
534
225
51
77
299
651
1105
1600
2087
2483
2741
2883
2898
2781
2600
2238
1783
1278
815
415
151
30
135
394
809
1276
1773
2204
2582
2793
2902
2891
2747
2491
2110
1626
1132
671
326
66
20
181
506
932
1429
1921
2343
2660
2835
2908
2852
2681
2385
1962
1482
981
561
238
55
74
283
636
1108
1600
2079
2456
2729
2871
2911
2812
2602
2262
1812
1308
824
448
159
18
120
355
788
1237
1749
2206
2563
2786
2910
2887
2764
2501
2147
1652
1164
682
335
95
30
197
490
917
1401
1896
2330
2654
2834
2912
2862
2704
2396
2002
1507
1021
578
295
47
73
298
609
1062
1554
2046
2449
2723
2863
2907
2822
2630
2297
1831
1390
856
466
178
37
100
360
738
1210
1716
2179
2543
2778
2880
2924
2778
2510
2158
1674
1272
739
380
110
27
174
482
883
1373
1870
2316
2645
2823
2908
2871
2710
2421
2012
1528
1037
601
257
60
58
247
580
1044
1517
2001
2423
2709
2867
2906
2811
2637
2307
1876
1375
891
483
188
36
95
323
711
1175
1690
2158
2596
2781
2889
2908
2790
2533
2179
1714
1210
747
363
119
29
164
447
845
1352
1827
2291
2621
2809
2894
2888
2736
2446
2036
1551
1055
628
238
71
48
279
564
999
1503
1994
2410
2682
2819
2919
2837
2650
2329
1892
1403
912
515
197
37
90
302
692
1142
1670
2163
2474
2759
2890
2901
2792
2562
2203
1736
1239
772
371
130
21
135
423
832
1311
1838
2280
2600
2815
2903
2888
2730
2461
2062
1572
1087
634
285
76
36
227
515
969
1484
1967
2390
2687
2858
2923
2828
2643
2343
1971
1423
935
500
238
66
77
304
662
1136
1643
2115
2500
2746
2883
2889
2834
2536
2236
1762
1345
789
412
123
15
145
407
810
1290
1789
2244
2592
2815
2898
2883
2743
2476
2083
1615
1114
692
309
76
39
210
523
955
1448
1947
2376
2680
2857
2914
2845
2685
2415
1942
1446
968
525
223
47
72
291
648
1109
1609
2098
2495
2734
2858
2908
2794
2599
2247
1804
1299
821
419
150
26
126
394
788
1257
1783
2223
2570
2774
2891
2879
2746
2494
2114
1634
1142
686
325
88
22
198
494
908
1425
1907
2358
2648
2835
2915
2853
2684
2387
1958
1474
991
579
235
52
45
289
614
1092
1573
2063
2460
2731
2874
2932
2817
2611
2268
1814
1322
840
464
166
34
117
359
772
1234
1739
2190
2560
2775
2894
2889
2763
2518
2130
1658
1165
699
363
107
42
197
479
900
1392
1839
2311
2647
2836
2912
2863
2696
2429
1991
1502
1012
555
269
64
72
256
590
1036
1547
2043
2443
2716
2867
2908
2813
2630
2287
1848
1341
851
468
181
33
187
383
736
1193
1710
2172
2541
2767
2890
2895
2725
2535
2159
1737
1184
731
350
122
46
160
468
877
1365
1863
2304
2626
2838
2905
2877
2713
2435
2015
1540
1027
591
252
70
59
248
578
1025
1527
1995
2416
2708
2861
2918
2838
2637
2337
1875
1376
890
442
188
38
92
338
718
1180
1643
2150
2509
2734
2952
2893
2782
2549
2171
1705
1223
760
378
123
20
159
456
850
1340
1849
2287
2602
2815
2907
2859
2746
2447
2036
1590
1063
619
280
75
49
234
528
991
1512
1979
2402
2697
2844
2907
2830
2627
2315
1892
1398
915
498
203
41
83
320
683
1158
1661
2127
2513
2742
2879
2900
2783
2565
2202
1742
1246
773
383
131
12
177
424
832
1306
1806
2252
2613
2816
2900
2879
2738
2469
2066
1598
1093
604
304
77
60
216
544
974
1456
1964
2383
2676
2855
2918
2846
2660
2351
1924
1428
955
522
235
42
68
322
664
1138
1616
2076
2488
2748
2877
2905
2806
2586
2228
1765
1239
780
408
122
19
140
406
807
1307
1788
2241
2587
2801
2900
2878
2743
2482
2080
1627
1115
670
314
85
50
166
498
950
1447
1938
2364
2680
2859
2923
2862
2647
2378
1944
1457
968
543
207
47
68
287
642
1105
1600
2086
2467
2732
2878
2902
2824
2591
2245
1795
1281
829
440
140
22
123
384
779
1243
1764
2218
2578
2795
2902
2883
2766
2500
2127
1640
1148
691
328
88
36
194
512
920
1424
1915
2333
2646
2846
2915
2859
2683
2385
1960
1479
998
566
242
58
71
272
620
1074
1545
2055
2450
2727
2860
2900
2820
2595
2267
1823
1330
853
448
170
33
111
379
709
1246
1721
2202
2542
2778
2875
2876
2759
2503
2144
1666
1177
703
344
107
12
154
469
890
1370
1881
2323
2635
2833
2910
2862
2708
2418
2003
1515
1022
584
247
7
85
242
587
1056
1554
2029
2443
2735
2856
2910
2824
2631
2300
1851
1378
890
455
172
32
85
351
729
1195
1701
2173
2527
2773
2891
2892
2778
2535
2164
1698
1254
746
348
118
18
163
467
822
1363
1858
2301
2628
2818
2903
2869
2725
2439
2027
1539
1056
607
279
67
60
235
571
1019
1513
1999
2417
2703
2869
2912
2830
2609
2299
1873
1378
902
481
201
62
84
328
713
1174
1670
2144
2514
2773
2884
2887
2794
2561
2192
1727
1229
764
387
113
17
152
429
839
1323
1819
2276
2606
2801
2859
2864
2708
2451
2059
1566
1096
622
295
83
48
227
551
968
1480
1999
2391
2692
2849
2924
2832
2662
2346
1911
1438
926
506
205
45
81
314
670
1145
1675
2137
2559
2740
2877
2901
2794
2582
2265
1772
1257
790
408
135
23
142
396
810
1297
1798
2255
2597
2803
2927
2867
2747
2471
2072
1599
1103
659
303
87
44
228
599
970
1437
1941
2360
2679
2839
2867
2826
2674
2365
1937
1440
957
532
224
39
72
276
640
1168
1636
2097
2478
2742
2879
2906
2808
2588
2239
1781
1281
816
419
159
60
131
403
827
1268
1764
2274
2573
2796
2899
2885
2771
2492
2148
1629
1128
679
382
110
35
199
506
921
1424
1916
2355
2660
2835
2919
2855
2693
2381
1940
1436
963
543
235
53
67
269
600
1096
1585
2068
2465
2725
2870
2904
2809
2599
2271
1806
1318
820
433
154
19
98
382
770
1246
1741
2206
2559
2789
2895
2881
2803
2502
2132
1653
1147
700
339
52
37
189
487
911
1398
1897
2338
2628
2855
2911
2844
2679
2399
1973
1495
1004
568
256
56
64
263
616
1071
1552
2047
2458
2708
2879
2940
2826
2660
2285
1826
1326
826
463
174
32
105
354
739
1202
1724
2190
2554
2786
2933
2879
2774
2514
2152
1685
1181
719
348
105
29
190
473
888
1371
1941
2276
2634
2817
2917
2864
2670
2446
2004
1515
1028
591
261
64
59
254
587
1039
1546
2027
2426
2710
2871
2898
2829
2635
2307
1857
1359
882
467
185
29
104
319
671
1152
1707
2163
2514
2763
2882
2903
2779
2546
2177
1704
1206
748
363
112
23
140
441
862
1333
1847
2297
2607
2852
2908
2868
2721
2443
2031
1567
1070
602
264
34
57
249
590
1017
1522
1987
2417
2717
2873
2918
2846
2622
2299
1879
1390
888
505
196
40
89
328
683
1169
1670
2139
2517
2762
2883
2900
2787
2561
2220
1761
1226
741
383
123
25
138
470
851
1315
1823
2271
2606
2811
2898
2876
2727
2459
2067
1573
1091
628
287
64
39
234
549
987
1486
1977
2396
2684
2851
2941
2852
2644
2358
1945
1412
941
498
198
54
84
311
668
1147
1612
2125
2506
2744
2878
2907
2780
2587
2204
1753
1259
771
414
143
20
146
406
814
1309
1787
2233
2600
2781
2890
2874
2738
2463
2063
1600
1109
647
311
71
42
216
529
907
1459
1945
2370
2657
2831
2915
2867
2675
2367
1926
1440
954
532
220
50
52
295
658
1126
1594
2097
2489
2738
2851
2904
2830
2603
2243
1779
1290
808
418
124
25
118
404
792
1251
1778
2210
2583
2786
2904
2877
2748
2492
2107
1624
1128
680
342
102
24
198
456
927
1412
1967
2344
2643
2832
2912
2854
2681
2388
1960
1478
985
559
234
55
75
277
626
1079
1584
2051
2429
2731
2875
2908
2815
2604
2266
1813
1312
850
452
157
27
106
360
772
1223
1763
2211
2566
2795
2900
2893
2759
2513
2138
1650
1157
696
316
90
33
179
487
905
1422
1898
2331
2651
2831
2922
2855
2691
2342
2003
1497
1003
559
241
36
63
310
612
1063
1556
2039
2465
2728
2904
2906
2819
2620
2283
1839
1362
868
515
176
26
90
360
743
1214
1718
2188
2552
2781
2908
2890
2815
2499
2139
1675
1182
711
330
104
31
168
467
886
1368
1882
2303
2637
2816
2919
2869
2703
2422
2014
1510
1015
597
262
67
56
251
591
1033
1533
2030
2398
2719
2854
2911
2819
2635
2293
1836
1363
887
483
187
35
93
341
720
1205
1755
2162
2519
2780
2891
2881
2782
2542
2172
1700
1208
740
366
117
47
167
442
876
1346
1819
2356
2602
2829
2909
2863
2712
2441
2031
1549
1046
608
280
62
48
245
577
1005
1514
2005
2448
2701
2863
2914
2831
2648
2330
1885
1389
923
487
188
48
100
325
719
1162
1675
2133
2514
2771
2887
2899
2783
2568
2212
1681
1221
764
361
129
10
152
419
842
1331
1809
2271
2609
2811
2902
2870
2731
2459
2060
1585
1086
641
268
73
45
242
537
975
1504
1971
2394
2689
2856
2889
2846
2661
2343
1886
1403
926
493
227
41
75
310
680
1139
1643
2116
2495
2749
2875
2915
2794
2574
2233
1749
1245
771
391
154
32
145
404
822
1298
1811
2219
2591
2805
2896
2879
2737
2471
2055
1600
1097
663
294
84
61
211
530
963
1460
1946
2374
2682
2830
2906
2846
2667
2352
1906
1447
970
531
219
48
74
299
645
1114
1599
2085
2461
2726
2863
2907
2785
2586
2245
1781
1294
815
441
148
26
126
398
794
1283
1763
2240
2560
2771
2896
2891
2723
2515
2109
1636
1127
683
319
93
0
207
505
931
1426
1923
2382
2662
2834
2915
2835
2697
2387
1956
1470
984
549
232
6
61
273
618
1091
1574
2063
2470
2727
2929
2898
2826
2599
2262
1808
1347
840
424
205
29
117
381
767
1236
1748
2212
2563
2803
2895
2888
2767
2510
2126
1649
1153
684
324
92
34
185
490
903
1399
1931
2333
2670
2829
2911
2866
2696
2389
1983
1510
1004
578
248
66
66
251
611
1104
1559
2048
2433
2721
2864
2906
2818
2614
2287
1845
1355
855
432
170
29
110
336
733
1227
1737
2201
2551
2780
2892
2894
2761
2513
2203
1736
1185
758
338
124
15
172
466
887
1375
1873
2316
2644
2822
2920
2856
2760
2415
2010
1510
1034
602
280
64
55
251
591
1039
1537
2026
2434
2733
2858
2911
2830
2629
2274
1829
1367
872
459
177
32
99
339
715
1190
1707
2171
2492
2775
2886
2884
2779
2549
2178
1704
1201
732
358
118
24
167
449
866
1406
1848
2302
2624
2817
2913
2883
2731
2434
2029
1536
1050
608
278
62
54
239
569
1008
1495
1994
2424
2691
2872
2916
2836
2653
2311
1878
1382
897
486
190
41
88
335
699
1151
1684
2149
2515
2764
2891
2876
2775
2555
2200
1725
1228
765
383
131
42
159
457
851
1306
1821
2267
2598
2802
2911
2874
2724
2450
2046
1562
1081
628
273
72
46
228
528
986
1483
1975
2388
2694
2863
2915
2844
2656
2336
1918
1412
932
516
284
53
67
316
685
1135
1633
2121
2517
2755
2882
2909
2794
2573
2213
1761
1253
786
379
139
76
175
418
818
1304
1802
2256
2597
2806
2909
2874
2735
2479
2086
1578
1110
644
278
74
48
198
526
971
1463
1955
2396
2652
2838
2939
2843
2667
2367
1930
1424
957
517
217
72
100
302
659
1120
1619
2098
2488
2746
2872
2889
2743
2568
2238
1775
1266
815
426
134
28
132
396
797
1283
1775
2236
2591
2799
2896
2915
2767
2487
2104
1590
1142
666
311
84
41
203
509
941
1430
1933
2341
2649
2854
2895
2853
2682
2379
1937
1455
967
549
229
53
70
265
643
1111
1578
2081
2479
2734
2874
2908
2814
2598
2247
1803
1306
831
430
154
29
118
368
744
1276
1745
2221
2558
2791
2898
2872
2757
2502
2122
1636
1139
682
324
81
24
193
496
941
1412
1904
2337
2656
2836
2916
2849
2692
2398
1970
1483
1008
562
239
55
48
270
649
1068
1568
2033
2441
2718
2867
2911
2815
2610
2271
1819
1317
853
446
171
25
152
377
744
1235
1729
2190
2555
2788
2889
2895
2772
2519
2127
1664
1178
706
371
147
35
177
476
892
1394
1886
2319
2640
2830
2913
2866
2704
2417
1996
1512
1030
583
300
78
64
259
595
1043
1541
2033
2435
2716
2861
2915
2826
2632
2307
1841
1353
879
527
175
27
98
351
733
1197
1703
2173
2547
2771
2890
2898
2779
2532
2193
1680
1198
712
363
110
29
171
455
872
1363
1858
2306
2623
2783
2931
2877
2716
2450
2015
1533
1070
570
279
67
60
244
579
1016
1520
2035
2419
2696
2863
2907
2835
2611
2314
1900
1397
898
487
187
40
84
338
716
1180
1649
2137
2516
2731
2889
2900
2783
2539
2207
1721
1227
754
377
121
43
196
438
863
1335
1839
2285
2598
2803
2899
2855
2703
2464
2044
1563
1072
624
287
97
49
239
577
996
1473
1984
