2304
2106
1866
1629
1326
1110
879
660
467
304
178
80
31
0
93
208
394
507
729
948
1231
1458
1723
1956
2187
2379
2547
2675
2775
2799
2892
2916
2901
2838
2770
2639
2527
2348
2131
1909
1660
1411
1163
922
704
501
320
173
83
29
41
102
191
303
483
681
919
1170
1400
1662
1914
2145
2346
2526
2661
2779
2842
2877
2915
2899
2856
2790
2677
2560
2382
2176
1953
1704
1443
1206
961
747
527
353
209
102
48
35
18
180
300
463
663
881
1120
1371
1628
1875
2067
2310
2495
2649
2749
2826
2884
2911
2971
2859
2800
2706
2579
2416
2218
2010
1754
1491
1285
1014
786
565
386
240
131
56
28
65
155
273
433
620
839
1050
1329
1585
1833
2062
2276
2466
2600
2727
2860
2869
2902
2907
2865
2813
2742
2588
2463
2242
2061
1807
1580
1294
1055
799
589
423
270
152
67
31
56
158
250
397
591
799
1019
1279
1528
1771
2031
2234
2431
2591
2711
2805
2862
2895
2914
2870
2826
2751
2647
2495
2278
2057
1831
1652
1338
1097
866
632
443
288
169
73
31
48
117
229
356
568
765
1004
1223
1495
1744
1980
2210
2394
2560
2698
2788
2853
2907
2929
2895
2833
2756
2637
2496
2316
2102
1869
1605
1371
1133
888
674
467
316
240
80
23
31
109
259
340
525
727
940
1200
1458
1704
1944
2177
2385
2535
2673
2766
2863
2889
2913
2884
2832
2770
2702
2560
2348
2149
1924
1670
1413
1202
923
710
479
323
205
97
50
40
87
188
324
487
687
912
1158
1405
1671
1910
2136
2329
2526
2665
2755
2825
2883
2898
2926
2876
2786
2684
2555
2385
2187
1956
1723
1456
1216
965
745
535
355
281
99
53
27
55
171
290
451
651
862
1117
1375
1621
1848
2087
2314
2485
2635
2718
2826
2902
2911
2903
2873
2800
2705
2576
2419
2205
1991
1757
1504
1252
1041
800
583
394
226
134
54
22
66
148
269
424
616
824
1094
1343
1548
1809
2063
2277
2451
2667
2732
2811
2870
2894
2911
2886
2817
2728
2596
2451
2260
2060
1811
1551
1304
1053
771
601
425
268
151
68
25
60
130
262
405
588
794
1021
1263
1527
1808
2004
2232
2428
2580
2707
2799
2858
2901
2917
2875
2827
2744
2629
2483
2297
2067
1868
1637
1345
1091
854
656
446
293
164
72
21
56
92
218
364
550
755
1001
1258
1498
1737
1980
2196
2398
2551
2693
2783
2861
2871
2915
2870
2836
2783
2643
2502
2330
2071
1879
1630
1386
1133
902
659
486
327
179
93
39
62
95
200
322
504
720
949
1207
1436
1689
1935
2146
2351
2539
2669
2800
2841
2889
2910
2904
2858
2768
2663
2534
2362
2155
1935
1674
1431
1182
925
730
524
327
197
103
36
28
122
198
313
495
680
916
1151
1401
1652
1908
2117
2323
2505
2643
2755
2837
2862
2899
2886
2856
2796
2691
2559
2399
2191
1963
1718
1443
1195
979
751
551
360
217
116
49
27
75
160
290
504
631
866
1103
1348
1610
1867
2091
2302
2500
2627
2740
2825
2875
2907
2904
2863
2800
2719
2591
2413
2224
1992
1775
1497
1256
1030
780
581
403
248
132
60
23
62
137
264
416
604
831
1074
1329
1569
1827
2060
2251
2457
2622
2722
2813
2867
2913
2913
2871
2824
2709
2584
2457
2265
2049
1800
1556
1334
1048
823
606
415
271
154
69
20
58
136
230
367
587
799
1019
1274
1508
1770
2013
2236
2419
2583
2702
2797
2861
2898
2899
2870
2860
2737
2633
2479
2289
2106
1851
1604
1346
1095
866
651
456
290
161
94
25
53
93
271
358
545
751
968
1224
1481
1731
1977
2197
2393
2565
2685
2791
2840
2899
2912
2881
2823
2751
2648
2501
2313
2138
1888
1642
1383
1141
903
673
455
333
190
73
36
39
123
205
335
510
714
945
1192
1442
1693
1939
2172
2355
2540
2669
2773
2843
2882
2911
2907
2839
2779
2675
2540
2368
2158
1928
1684
1430
1182
940
717
508
352
208
99
72
22
84
182
310
477
683
904
1148
1396
1639
1897
2109
2332
2510
2693
2765
2826
2874
2918
2902
2853
2791
2690
2564
2392
2191
1971
1733
1472
1229
971
744
544
366
230
116
47
25
72
172
284
404
633
904
1099
1353
1586
1847
2074
2299
2468
2646
2713
2819
2872
2908
2905
2881
2806
2735
2589
2429
2234
2015
1766
1529
1263
1023
790
570
398
249
135
56
40
64
144
271
460
607
825
1061
1294
1557
1801
2041
2242
2453
2603
2728
2807
2867
2897
2911
2871
2807
2747
2619
2447
2271
2051
1810
1562
1301
1054
825
615
428
280
163
73
2
43
119
224
378
576
770
1023
1284
1513
1767
2015
2233
2420
2584
2705
2798
2858
2900
2915
2882
2825
2744
2628
2492
2309
2085
1855
1603
1348
1091
863
652
459
319
157
88
35
43
109
215
362
530
718
978
1227
1477
1728
1967
2191
2388
2560
2685
2778
2850
2890
2896
2875
2845
2745
2647
2513
2334
2129
1897
1646
1400
1151
903
702
481
308
226
87
43
26
99
214
334
499
719
935
1178
1431
1687
1922
2160
2360
2538
2664
2772
2835
2888
2912
2948
2849
2782
2677
2542
2377
2174
1944
1692
1391
1204
951
747
514
348
212
98
26
31
81
176
304
459
661
890
1130
1375
1618
1880
2118
2327
2511
2630
2723
2811
2880
2910
2899
2862
2788
2699
2559
2409
2195
1965
1730
1518
1252
966
768
544
373
230
119
55
27
64
142
274
439
675
855
1096
1334
1580
1817
2082
2291
2468
2619
2735
2815
2878
2903
2903
2866
2819
2706
2588
2434
2243
2022
1761
1527
1292
1035
808
596
407
264
144
76
0
57
141
259
412
583
808
1038
1302
1551
1802
2039
2262
2442
2597
2718
2801
2864
2898
2874
2847
2820
2770
2618
2463
2262
2039
1814
1571
1322
1072
838
625
437
278
177
75
26
87
132
219
377
567
775
1003
1250
1511
1761
1994
2219
2415
2586
2702
2774
2885
2904
2902
2881
2832
2742
2652
2478
2290
2099
1863
1613
1363
1115
882
650
472
298
175
85
35
68
101
234
346
531
736
969
1214
1460
1721
1956
2177
2393
2535
2684
2779
2850
2886
2927
2896
2839
2767
2662
2520
2345
2145
1928
1623
1402
1140
929
737
480
328
195
103
40
32
94
191
323
500
698
924
1167
1424
1660
1901
2152
2342
2520
2647
2754
2842
2883
2894
2891
2854
2789
2686
2546
2381
2181
1938
1677
1444
1200
933
736
568
361
220
103
50
34
75
175
312
460
660
884
1092
1354
1636
1864
2100
2315
2459
2660
2754
2821
2876
2908
2899
2864
2804
2702
2571
2408
2212
1987
1730
1495
1239
1001
778
569
387
241
121
57
20
64
155
264
439
622
840
1062
1354
1579
1820
2022
2294
2463
2617
2731
2815
2869
2985
2904
2867
2806
2710
2627
2447
2256
2049
1790
1574
1299
1043
835
606
416
253
147
47
29
27
114
253
394
591
816
1050
1236
1521
1782
2029
2243
2432
2593
2726
2795
2860
2924
2919
2875
2827
2736
2619
2477
2296
2065
1834
1586
1340
1092
860
636
455
283
148
67
39
51
115
207
370
539
742
985
1235
1489
1740
1985
2205
2399
2572
2693
2786
2851
2896
2903
2894
2810
2759
2634
2505
2327
2119
1882
1637
1383
1137
910
672
563
305
171
75
27
23
138
206
342
537
718
946
1184
1428
1677
1946
2172
2371
2538
2680
2772
2816
2943
2914
2897
2847
2772
2670
2527
2355
2162
1926
1688
1432
1168
893
715
519
331
190
102
47
31
82
183
313
479
684
913
1147
1407
1649
1899
2139
2355
2529
2655
2770
2852
2880
2906
2904
2854
2792
2687
2566
2403
2182
1957
1699
1469
1220
978
740
532
367
227
112
52
25
72
163
294
451
651
870
1111
1354
1612
1873
2091
2281
2478
2626
2738
2824
2870
2910
2904
2882
2799
2737
2582
2405
2227
2001
1760
1517
1260
1036
802
569
389
248
111
63
14
74
144
264
416
619
831
1091
1316
1560
1819
2051
2266
2450
2607
2721
2811
2870
2904
2927
2871
2803
2718
2590
2449
2268
2041
1801
1561
1309
1071
827
621
427
260
119
59
25
55
108
231
390
623
805
1030
1270
1519
1775
2008
2236
2427
2553
2701
2796
2866
2892
2935
2871
2820
2743
2618
2484
2292
2087
1842
1600
1356
1125
847
651
451
306
170
60
23
48
108
223
358
543
755
989
1231
1483
1729
1983
2200
2373
2595
2676
2780
2859
2894
2914
2883
2826
2771
2667
2505
2336
2151
1883
1670
1395
1146
886
660
496
321
175
83
38
32
91
199
338
510
716
938
1193
1438
1683
1933
2179
2370
2530
2664
2765
2861
2917
2911
2896
2847
2778
2675
2538
2361
2163
1932
1683
1431
1162
935
726
516
340
203
100
46
28
81
181
304
485
682
917
1133
1383
1635
1891
2120
2319
2495
2641
2754
2831
2879
2909
2900
2859
2793
2682
2559
2380
2200
1975
1710
1479
1229
1048
744
548
370
231
113
50
22
68
158
286
425
635
874
1104
1346
1596
1835
2029
2299
2479
2620
2736
2803
2867
2908
2900
2868
2809
2715
2589
2411
2242
2008
1775
1525
1265
1022
796
588
403
262
135
65
39
72
152
239
404
590
826
1059
1344
1536
1808
2043
2259
2449
2597
2736
2810
2863
2890
2903
2879
2819
2731
2610
2459
2266
2056
1808
1576
1312
1067
835
621
427
266
142
62
35
59
117
241
401
559
775
1010
1266
1513
1767
2011
2233
2435
2557
2704
2807
2847
2933
2910
2883
2835
2748
2642
2487
2304
2093
1858
1615
1377
1119
884
733
464
301
173
78
42
49
95
204
354
532
747
968
1205
1478
1690
1967
2193
2387
2551
2688
2783
2843
2895
2895
2905
2839
2762
2663
2512
2337
2151
1895
1647
1407
1143
921
698
496
324
193
156
39
38
98
197
330
499
700
934
1171
1427
1652
1931
2154
2357
2503
2668
2764
2846
2881
2915
2892
2871
2780
2688
2541
2370
2191
1959
1695
1445
1178
953
714
562
351
218
109
49
32
75
180
304
462
654
900
1134
1374
1631
1880
2115
2308
2495
2641
2753
2822
2878
2912
2901
2860
2779
2708
2577
2387
2192
1972
1820
1508
1249
1020
767
557
380
235
112
57
23
72
149
274
420
633
856
1094
1346
1595
1858
2078
2287
2467
2618
2731
2819
2875
2911
2916
2880
2805
2719
2592
2434
2258
2054
1786
1536
1288
1032
803
592
406
258
154
68
32
59
144
254
410
602
808
1041
1292
1546
1796
2056
2251
2444
2592
2721
2797
2883
2875
2912
2881
2811
2728
2602
2480
2286
2061
1818
1570
1311
1079
840
635
436
281
157
50
27
39
107
235
392
557
770
1007
1258
1499
1729
2002
2218
2477
2555
2662
2789
2856
2886
2910
2938
2843
2756
2640
2495
2315
2095
1858
1641
1321
1105
883
652
463
299
161
81
34
48
95
214
348
534
735
967
1211
1457
1686
1983
2165
2370
2546
2663
2759
2853
2920
2916
2890
2844
2754
2661
2482
2414
2138
1911
1692
1417
1168
938
693
489
312
228
77
39
30
82
195
326
494
718
934
1153
1413
1665
1909
2180
2329
2505
2665
2767
2839
2884
2909
2895
2838
2782
2685
2562
2374
2163
1944
1707
1450
1203
962
742
535
356
221
101
45
23
78
180
291
455
671
874
1132
1373
1597
1914
2101
2319
2490
2636
2747
2823
2884
2912
2910
2848
2798
2698
2564
2415
2202
1988
1747
1495
1243
998
777
564
386
243
130
52
32
107
159
269
438
630
821
1075
1322
1570
1838
2063
2280
2464
2622
2734
2813
2867
2894
2911
2938
2782
2721
2609
2436
2250
2031
1791
1538
1287
1045
806
600
419
269
156
60
19
69
128
250
413
556
803
1044
1282
1555
1787
2020
2242
2428
2587
2712
2806
2874
2883
2912
2877
2826
2740
2607
2470
2284
2066
1830
1592
1330
1073
816
632
427
270
150
85
29
44
160
238
380
550
764
1000
1241
1508
1745
1999
2213
2409
2568
2690
2790
2859
2882
2914
2879
2836
2758
2646
2500
2320
2103
1876
1622
1392
1073
884
658
462
308
145
94
20
40
101
207
347
522
737
959
1222
1453
1705
1944
2177
2372
2539
2681
2774
2847
2888
2912
2901
2844
2771
2671
2521
2355
2100
1933
1675
1409
1184
946
719
465
345
204
98
41
34
71
189
320
490
692
919
1150
1403
1668
1876
2128
2338
2517
2651
2759
2837
2882
2908
2894
2838
2767
2691
2560
2389
2187
2024
1704
1468
1222
964
747
540
363
238
81
111
26
83
139
291
450
680
867
1096
1381
1616
1866
2093
2305
2483
2629
2739
2811
2874
2903
2891
2842
2786
2707
2579
2417
2266
1997
1759
1512
1252
1017
785
572
394
238
136
56
25
72
148
288
429
599
841
1077
1320
1578
1819
2053
2280
2469
2611
2735
2781
2867
2899
2914
2951
2814
2736
2576
2455
2258
2037
1799
1554
1299
1056
804
605
421
272
132
68
11
58
126
268
401
580
798
1028
1276
1520
1775
2022
2238
2437
2575
2714
2783
2855
2987
2923
2866
2831
2741
2625
2478
2297
2060
1846
1579
1328
1099
868
623
464
287
176
79
32
43
115
228
363
552
759
984
1237
1478
1709
1993
2200
2397
2564
2679
2788
2841
2891
2911
2886
2836
2761
2648
2498
2320
2127
1880
1657
1377
1114
902
676
479
315
183
83
40
40
97
205
352
524
718
959
1209
1454
1694
1919
2155
2365
2540
2679
2770
2842
2889
2917
2880
2847
2751
2665
2504
2363
2157
1927
1699
1443
1184
940
699
515
347
206
98
43
22
88
187
332
491
696
891
1158
1395
1659
1903
2122
2344
2510
2642
2762
2832
2886
2889
2890
2851
2781
2667
2559
2395
2202
1966
1730
1523
1215
980
756
545
369
249
113
49
35
28
140
288
451
640
872
1106
1395
1608
1853
2088
2301
2481
2628
2731
2824
2874
2907
2911
2880
2802
2693
2576
2423
2230
2013
1771
1516
1267
1025
795
548
398
212
119
95
30
67
138
261
386
612
837
1069
1315
1565
1809
2043
2251
2454
2607
2721
2806
2866
2898
2911
2870
2853
2696
2614
2451
2267
2046
1803
1559
1306
1072
852
615
422
318
162
63
38
51
102
245
395
574
792
1016
1260
1526
1770
2005
2237
2418
2585
2697
2811
2851
2903
2918
2876
2832
2747
2628
2490
2295
2086
1842
1609
1359
1104
865
656
460
299
160
35
28
48
115
224
360
549
757
982
1196
1468
1734
1969
2194
2395
2543
2689
2772
2848
2891
2919
2887
2843
2766
2652
2511
2336
2129
1908
1643
1409
1148
909
639
485
332
191
90
38
35
86
213
338
554
715
948
1180
1439
1688
1899
2161
2363
2542
2662
2773
2837
2887
2913
2890
2844
2762
2665
2565
2355
2163
1936
1661
1422
1147
939
724
523
351
215
103
46
36
78
175
312
482
683
906
1152
1375
1647
1886
2124
2326
2505
2647
2750
2832
2878
2912
2902
2847
2783
2685
2560
2407
2189
1960
1724
1475
1231
994
759
552
377
215
122
52
24
65
168
289
447
648
863
1109
1351
1611
1852
2080
2292
2480
2632
2740
2822
2868
2913
2919
2868
2806
2722
2571
2415
2233
2011
1772
1532
1271
1026
820
577
401
246
134
50
78
114
144
309
427
605
824
1072
1307
1550
1811
2050
2258
2460
2614
2714
2792
2875
2864
2892
2868
2813
2724
2621
2453
2268
2088
1814
1562
1313
1069
825
623
410
271
148
70
10
46
128
239
389
568
785
1020
1274
1515
1789
1997
2212
2427
2591
2711
2795
2884
2927
2912
2879
2830
2749
2637
2504
2310
2085
1851
1590
1359
1103
890
652
458
300
172
78
32
45
110
226
363
545
745
1052
1234
1471
1728
1972
2197
2383
2549
2702
2785
2851
2891
2915
2899
2839
2767
2656
2512
2310
2134
1887
1647
1404
1150
922
675
483
323
191
86
38
44
93
207
356
502
742
934
1189
1438
1687
1914
2156
2358
2523
2666
2767
2841
2887
2907
2891
2850
2845
2684
2539
2372
2183
1929
1692
1425
1186
949
728
526
347
217
100
48
35
90
177
314
456
676
872
1136
1376
1644
1893
2122
2322
2507
2644
2752
2830
2886
2909
2887
2859
2792
2697
2583
2398
2204
1975
1735
1477
1230
990
762
551
368
236
100
70
10
74
155
280
460
635
876
1091
1350
1596
1848
2082
2295
2472
2623
2720
2824
2873
2893
2903
2854
2791
2712
2589
2430
2235
2019
1777
1518
1290
1039
807
585
411
351
211
62
14
95
155
271
415
602
811
1056
1301
1552
1804
2056
2250
2451
2593
2720
2802
2869
2910
2913
2856
2817
2729
2608
2455
2271
2054
1819
1574
1335
1073
844
622
435
284
184
102
27
47
131
236
383
566
786
1011
1264
1509
1764
2006
2229
2417
2575
2735
2773
2833
2897
2908
2879
2836
2747
2634
2495
2327
2118
1864
1607
1357
1118
866
632
424
307
187
78
34
47
109
221
344
523
741
970
1215
1454
1712
1983
2183
2384
2542
2682
2780
2848
2888
2918
2891
2846
2774
2675
2508
2341
2103
1898
1660
1381
1209
937
692
492
323
194
92
36
63
82
179
325
513
768
915
1175
1410
1688
1923
2150
2353
2525
2659
2766
2834
2888
2927
2917
2835
2764
2687
2539
2422
2199
1954
1725
1445
1197
952
730
547
352
223
113
47
17
62
179
304
435
693
907
1134
1388
1628
1890
2114
2320
2497
2643
2755
2795
2864
2908
2887
2860
2798
2671
2607
2407
2213
1987
1743
1495
1241
987
783
558
383
224
119
111
32
59
174
259
429
629
847
1086
1334
1584
1830
2079
2292
2477
2603
2730
2812
2875
2923
2910
2815
2842
2722
2596
2439
2246
2023
1781
1535
1278
1009
806
587
382
238
171
58
26
56
136
256
412
592
818
1049
1297
1501
1815
2065
2258
2432
2607
2702
2821
2904
2892
2910
2877
2820
2735
2618
2463
2280
2124
1863
1559
1314
1067
835
626
433
280
159
75
25
48
119
231
378
562
774
996
1251
1529
1739
1985
2209
2417
2633
2702
2778
2855
2896
2916
2884
2835
2770
2650
2495
2319
2096
1870
1612
1370
1122
883
659
472
308
178
89
33
42
106
216
342
525
721
966
1193
1462
1705
1917
2160
2385
2547
2674
2787
2858
2895
2910
2883
2840
2764
2643
2520
2344
2152
1909
1655
1403
1159
920
699
498
335
199
107
62
22
83
199
331
494
702
936
1125
1413
1686
1923
2146
2348
2521
2659
2759
2847
2888
2911
2891
2855
2790
2676
2541
2381
2179
1950
1700
1452
1196
960
734
533
374
284
125
26
28
79
177
307
467
682
884
1127
1380
1631
1879
2115
2270
2493
2635
2752
2825
2868
2911
2902
2858
2799
2704
2575
2411
2211
1989
1744
1494
1236
1004
753
569
372
215
119
55
31
110
138
285
431
622
849
1123
1350
1583
1824
2071
2287
2456
2616
2765
2783
2882
2910
2908
2877
2828
2721
2596
2443
2244
2050
1790
1534
1285
1032
815
599
431
267
150
77
6
57
126
251
403
590
824
1044
1289
1528
1794
2052
2250
2433
2574
2714
2798
2862
2903
2911
2873
2823
2743
2617
2471
2280
2078
1834
1565
1336
1079
847
709
436
268
163
71
30
52
115
235
366
561
751
999
1243
1484
1752
1992
2214
2403
2557
2696
2791
2856
2892
2913
2888
2835
2756
2649
2491
2318
2108
1886
1619
1408
1125
870
663
470
307
181
83
44
54
107
214
346
530
742
967
1206
1456
1710
1969
2178
2377
2537
2683
2780
2841
2892
2923
2887
2854
2767
2648
2503
2362
2162
1898
1661
1418
1166
924
707
506
338
189
98
19
37
88
181
318
490
676
915
1134
1406
1665
1915
2140
2342
2510
2673
2746
2840
2889
2897
2886
2850
2782
2706
2523
2391
2190
1951
1721
1455
1207
965
734
541
360
219
100
51
18
79
171
288
467
660
888
1118
1373
1627
1870
2096
2320
2484
2644
2742
2823
2891
2889
2909
2860
2799
2701
2577
2416
2216
2002
1720
1498
1253
1012
759
571
386
229
127
61
40
75
149
274
427
621
840
1080
1330
1563
1866
2040
2280
2455
2578
2812
2817
2863
2899
2907
2872
2795
2724
2617
2432
2254
2011
1794
1543
1290
1039
820
604
422
262
128
63
25
55
138
249
399
588
781
1027
1279
1511
1808
2021
2239
2422
2612
2703
2804
2855
2896
2907
2883
2823
2739
2620
2464
2284
2075
1808
1582
1323
1096
831
637
439
289
163
78
27
48
116
235
339
570
746
994
1243
1469
1752
1950
2213
2402
2566
2686
2783
2856
2890
2952
2875
2831
2739
2649
2514
2318
2100
1883
1631
1378
1128
897
673
483
317
184
93
31
9
154
236
345
503
703
948
1181
1453
1684
1952
2170
2366
2533
2671
2772
2841
2890
2918
2887
2835
2775
2677
2559
2358
2136
1921
1676
1424
1181
939
718
512
340
210
91
50
30
66
173
299
468
688
891
1149
1420
1655
1895
2134
2327
2498
2649
2753
2844
2881
2927
2876
2854
2789
2687
2559
2395
2191
1967
1725
1478
1226
975
764
567
359
223
112
34
22
67
195
290
447
648
863
1108
1356
1615
1855
2095
2284
2483
2620
2735
2813
2872
2908
2902
2833
2803
2710
2588
2428
2230
2006
1768
1516
1248
1022
795
577
402
271
142
84
8
59
143
260
420
609
810
1063
1313
1563
1824
2051
2264
2460
2604
2781
2822
2866
2899
2902
2872
2825
2728
2607
2459
2278
2015
1816
1562
1306
1066
830
629
436
266
150
72
29
53
127
201
388
576
787
1023
1272
1516
1763
2004
2229
2390
2577
2705
2796
2862
2903
2916
2882
2830
2735
2608
2479
2296
2080
1852
1605
1372
1116
872
648
439
301
169
74
32
48
133
226
405
546
758
988
1227
1455
1730
1976
2193
2391
2556
2685
2779
2851
2893
2918
2865
2823
2739
2654
2512
2323
2121
1884
1634
1396
1149
911
692
495
323
195
93
91
25
88
196
336
499
711
942
1182
1425
1680
1926
2153
2358
2523
2683
2768
2781
2890
2917
2893
2852
2784
2667
2538
2370
2168
1936
1688
1435
1192
954
749
528
344
228
92
49
24
70
182
305
485
674
896
1136
1386
1646
1885
2124
2312
2491
2655
2731
2818
2868
2906
2901
2853
2795
2695
2552
2404
2203
1985
1777
1506
1241
985
763
559
384
237
91
51
26
62
160
280
441
640
849
1099
1339
1608
1864
2098
2297
2470
2612
2731
2810
2857
2911
2899
2868
2803
2717
2590
2428
2250
2013
1774
1514
1256
1035
799
585
400
264
144
57
16
61
140
261
418
595
827
1048
1302
1544
1785
2045
2257
2429
2582
2731
2805
2865
2900
2911
2875
2814
2722
2619
2443
2276
2059
1816
1551
1315
1072
863
616
450
278
158
75
14
52
123
226
363
577
769
1017
1258
1500
1766
1991
2218
2415
2575
2696
2783
2811
2898
2920
2890
2831
2751
2616
2481
2308
2099
1863
1611
1365
1114
871
653
458
298
175
29
34
45
116
212
367
528
718
956
1206
1478
1713
1964
2185
2385
2553
2679
2779
2846
2890
2919
2890
2840
2768
2637
2525
2331
2131
1905
1657
1404
1167
913
703
503
331
204
95
40
31
93
185
332
475
712
930
1168
1430
1675
1921
2155
2344
2516
2661
2762
2837
2893
2905
2905
2848
2793
2683
2544
2376
2174
1941
1716
1448
1187
958
707
508
344
203
124
39
31
88
162
297
466
662
885
1129
1382
1611
1878
2109
2320
2488
2664
2735
2827
2862
2910
2900
2862
2797
2699
2572
2409
2214
1991
1742
1502
1224
1043
770
571
390
235
169
60
27
67
154
272
431
627
845
1085
1296
1583
1836
2069
2327
2463
2598
2728
2814
2860
2902
2910
2871
2813
2723
2608
2447
2247
2056
1832
1554
1295
1035
808
593
427
252
146
64
22
56
132
209
406
582
806
1034
1280
1536
1789
2038
2251
2438
2588
2713
2802
2870
2902
2911
2873
2822
2744
2607
2472
2286
2077
1838
1557
1306
1082
849
627
441
291
164
48
31
50
167
228
372
562
768
1018
1241
1500
1745
1994
2206
2402
2561
2691
2783
2854
2891
2894
2906
2836
2760
2635
2495
2320
2097
1894
1605
1378
1133
891
691
469
306
188
79
88
44
107
199
359
523
727
956
1196
1453
1699
1948
2175
2376
2539
2671
2767
2852
2884
2923
2884
2847
2769
2658
2522
2368
2164
1918
1667
1418
1171
936
723
503
346
207
108
44
27
75
201
321
487
691
927
1156
1406
1651
1902
2136
2366
2530
2663
2761
2819
2878
2894
2908
2855
2783
2687
2560
2386
2178
1944
1711
1462
1222
991
742
540
363
210
110
49
22
79
167
295
462
652
875
1115
1369
1624
1871
2084
2306
2492
2693
2741
2797
2879
2903
2903
2863
2799
2704
2580
2416
2227
2013
1730
1507
1251
996
805
551
446
191
125
54
22
66
150
262
430
612
828
1093
1309
1568
1824
2056
2274
2463
2622
2715
2818
2863
2905
2907
2858
2817
2724
2616
2447
2259
2047
1798
1591
1350
1064
823
607
418
270
148
64
27
47
131
261
404
580
797
1043
1277
1508
1807
1976
2236
2427
2582
2709
2799
2863
2898
2914
2874
2826
2739
2625
2474
2295
2079
1846
1591
1341
1101
864
642
455
273
172
86
38
49
95
286
365
531
794
974
1258
1479
1739
1977
2208
2394
2564
2689
2783
2846
2894
2924
2899
2833
2753
2639
2505
2332
2150
1885
1639
1391
1147
900
678
484
320
199
103
37
44
94
197
334
483
710
923
1184
1438
1686
1943
2156
2358
2559
2667
2771
2844
2896
2896
2891
2846
2778
2666
2532
2388
2158
1934
1684
1438
1163
947
729
529
381
203
102
43
13
67
202
311
479
679
901
1131
1360
1649
1894
2128
2326
2509
2649
2744
2853
2873
2911
2925
2855
2793
2696
2565
2399
2195
1967
1727
1471
1215
981
763
544
365
227
138
18
27
71
170
283
425
604
847
1099
1357
1599
1890
2095
2298
2481
2631
2738
2810
2871
2905
2901
2874
2809
2714
2590
2430
2253
2025
1787
1518
1271
1038
790
541
408
256
136
64
15
69
140
287
414
609
835
1059
1316
1544
1804
2099
2244
2443
2600
2723
2803
2868
2898
2906
2880
2815
