2699
1964
1001
244
67
637
1579
2467
2881
2813
2237
1303
435
30
370
1259
2222
2812
2877
2482
1638
674
86
207
942
1924
2711
2937
2691
1943
967
231
74
649
1596
2481
2880
2803
2236
1264
458
28
404
1283
2240
2805
2889
2468
1596
659
81
219
971
1942
2676
2894
2657
1918
937
219
60
671
1654
2503
2887
2793
2205
1242
397
22
434
1299
2278
2795
2878
2455
1558
612
61
231
1002
2003
2704
2915
2653
1885
933
196
105
711
1668
2553
2901
2777
2179
1216
375
35
455
1351
2298
2826
2870
2427
1535
583
74
253
1031
2020
2714
2915
2632
1846
879
185
103
743
1700
2545
2894
2746
2132
1171
358
24
476
1376
2337
2859
2842
2419
1501
571
62
257
1063
2055
2701
2901
2615
1828
847
172
118
760
1746
2556
2900
2758
2126
1160
354
30
493
1414
2347
2856
2914
2368
1466
562
83
332
1087
2073
2731
2913
2595
1807
846
156
140
822
1775
2584
2903
2752
2095
1125
320
43
519
1445
2367
2846
2849
2357
1440
518
72
326
1122
2122
2755
2910
2588
1744
802
150
141
819
1807
2589
2917
2729
2079
1097
281
47
548
1475
2386
2851
2821
2338
1403
508
47
316
1116
2132
2758
2891
2543
1720
759
124
166
854
1816
2627
2864
2718
2036
1061
278
51
576
1510
2422
2859
2833
2310
1360
488
46
336
1180
2204
2772
2894
2535
1692
738
118
169
870
1860
2637
2916
2695
2007
1004
277
46
574
1539
2451
2869
2821
2320
1344
459
29
367
1227
2208
2787
2890
2514
1663
696
101
184
917
1900
2647
2918
2700
1963
1003
223
56
632
1579
2488
2862
2817
2240
1326
440
28
388
1247
2217
2793
2887
2495
1608
670
98
189
992
1918
2667
2916
2687
1947
977
237
78
659
1600
2482
2875
2806
2255
1292
416
32
402
1278
2244
2810
2882
2476
1610
663
80
219
965
1950
2669
2919
2660
1919
985
220
63
728
1645
2507
2882
2796
2204
1243
399
23
428
1325
2276
2804
2853
2474
1562
645
68
243
1013
2003
2697
2921
2644
1882
915
203
91
689
1654
2536
2889
2783
2182
1211
385
20
452
1359
2297
2823
2866
2428
1531
605
56
208
1036
2013
2708
2907
2669
1872
883
186
100
732
1709
2543
2890
2768
2146
1168
358
34
475
1375
2350
2839
2847
2407
1499
583
64
267
1066
2058
2721
2923
2611
1830
844
161
116
762
1740
2551
2901
2761
2120
1152
332
40
497
1469
2321
2843
2854
2377
1498
556
59
286
1096
2075
2735
2911
2594
1790
824
162
88
778
1743
2592
2899
2744
2100
1129
327
18
524
1454
2359
2846
2846
2366
1441
525
74
305
1140
2116
2740
2907
2584
1754
799
139
144
816
1800
2593
2911
2735
2054
1107
241
32
538
1503
2380
2855
2840
2368
1403
506
50
319
1153
2138
2753
2908
2542
1733
760
144
162
851
1825
2612
2909
2724
2038
1064
282
58
564
1508
2415
2862
2821
2302
1367
495
55
343
1178
2139
2771
2907
2531
1695
750
107
142
874
1854
2624
2906
2709
2010
1032
276
66
598
1546
2436
2871
2833
2288
1360
464
34
369
1252
2186
2785
2875
2483
1667
723
168
195
923
1895
2655
2915
2693
1970
1001
251
68
603
1583
2447
2865
2807
2264
1306
390
24
383
1255
2221
2794
2884
2494
1630
687
84
190
924
1931
2668
2923
2693
1944
975
227
80
651
1623
2452
2877
2799
2222
1302
423
21
447
1338
2253
2814
2885
2470
1599
656
89
215
962
1948
2668
2906
2650
1932
938
221
84
659
1634
2504
2882
2794
2205
1244
378
22
428
1316
2286
2811
2855
2451
1554
627
61
234
1000
1983
2697
2914
2646
1878
912
204
88
708
1672
2515
2891
2823
2152
1209
365
8
457
1345
2295
2842
2873
2433
1542
612
42
252
1025
2026
2708
2900
2631
1868
890
183
100
728
1703
2540
2895
2776
2155
1158
362
19
541
1399
2324
2832
2871
2422
1517
600
67
259
1079
2039
2716
2893
2615
1831
857
181
104
789
1734
2560
2908
2756
2138
1166
340
35
486
1400
2339
2842
2856
2382
1480
562
66
286
1087
2055
2747
2911
2591
1796
839
182
136
790
1740
2576
2894
2738
2095
1129
323
42
520
1439
2373
2855
2847
2367
1454
533
42
290
1103
2099
2792
2902
2578
1758
773
139
142
817
1806
2589
2905
2740
2075
1099
306
46
546
1469
2384
2826
2831
2341
1410
511
46
320
1159
2130
2760
2898
2555
1730
803
136
156
843
1818
2607
2922
2714
2035
1059
275
51
575
1504
2416
2820
2831
2297
1374
480
33
341
1195
2161
2775
2899
2538
1687
740
116
170
879
1863
2633
2929
2711
2010
1015
267
43
614
1566
2436
2868
2832
2283
1334
458
40
364
1242
2197
2787
2896
2518
1664
686
110
193
909
1901
2652
2934
2687
1981
954
248
36
584
1565
2466
2869
2811
2253
1286
424
43
397
1260
2223
2796
2837
2493
1625
685
88
206
953
1940
2667
2925
2671
1943
958
230
74
659
1620
2490
2884
2801
2224
1279
398
30
390
1299
2264
2825
2873
2469
1583
650
80
222
982
2034
2697
2915
2655
1907
923
207
68
684
1639
2510
2886
2791
2195
1237
386
22
429
1336
2279
2825
2878
2447
1533
632
67
245
968
1994
2697
2920
2634
1851
896
183
96
735
1750
2520
2878
2768
2162
1204
356
51
459
1362
2311
2827
2865
2416
1515
603
70
226
1023
2021
2710
2915
2602
1829
867
180
105
751
1724
2552
2897
2771
2130
1167
319
32
480
1398
2334
2836
2860
2376
1453
562
61
279
1079
2064
2731
2913
2607
1802
776
170
127
780
1747
2581
2910
2762
2104
1138
319
37
514
1431
2360
2846
2851
2439
1442
539
64
302
1114
2123
2740
2945
2576
1763
797
146
138
815
1791
2561
2884
2732
2075
1097
280
38
549
1450
2400
2862
2847
2341
1414
511
35
322
1151
2134
2775
2923
2563
1724
769
110
157
840
1825
2615
2907
2716
2042
1061
278
45
556
1498
2415
2859
2828
2317
1381
448
44
338
1185
2165
2792
2897
2538
1697
746
109
175
899
1870
2642
2911
2761
1980
1022
260
62
599
1542
2462
2865
2822
2290
1322
467
41
369
1213
2192
2796
2926
2494
1655
708
111
189
911
1926
2665
2915
2694
1967
971
275
74
635
1583
2454
2877
2809
2257
1299
439
35
389
1263
2206
2786
2895
2491
1625
680
94
195
947
1955
2682
2917
2671
1934
943
224
75
650
1625
2490
2878
2786
2229
1298
419
17
411
1295
2257
2809
2874
2467
1583
646
75
168
991
1960
2686
2920
2654
1902
909
197
86
697
1655
2515
2911
2837
2193
1248
372
25
431
1315
2284
2811
2870
2420
1550
614
74
243
1018
1999
2702
2912
2629
1837
890
188
102
714
1690
2553
2880
2759
2174
1196
359
38
468
1357
2310
2824
2866
2415
1526
587
67
256
1060
2043
2729
2911
2614
1827
861
172
113
757
1706
2546
2890
2761
2141
1165
341
31
504
1439
2344
2834
2857
2386
1474
573
60
283
1104
2068
2736
2892
2600
1785
828
161
107
785
1768
2578
2904
2741
2100
1129
279
63
511
1451
2367
2831
2927
2365
1430
527
47
297
1123
2108
2760
2914
2580
1749
797
140
135
816
1854
2601
2906
2791
2060
1083
296
43
551
1482
2396
2854
2843
2351
1378
508
44
333
1162
2144
2726
2900
2553
1719
757
138
156
862
1846
2630
2911
2703
2025
1047
271
116
576
1523
2427
2855
2830
2295
1364
469
39
343
1222
2163
2831
2886
2521
1672
723
140
192
908
1877
2643
2915
2699
1986
1011
244
62
613
1560
2456
2870
2816
2264
1296
427
31
378
1242
2208
2795
2888
2512
1639
686
126
176
923
1926
2682
2923
2691
1995
969
245
75
650
1595
2479
2876
2788
2239
1290
407
41
399
1271
2235
2799
2878
2475
1587
663
78
219
964
1955
2678
2923
2660
1887
949
210
80
682
1632
2489
2883
2807
2201
1258
395
28
424
1319
2262
2832
2881
2465
1590
670
71
234
998
1985
2689
2920
2649
1893
922
200
82
706
1681
2538
2888
2776
2170
1228
370
23
444
1353
2290
2821
2869
2435
1531
608
72
249
1029
1998
2707
2906
2618
1855
866
191
105
731
1702
2539
2895
2770
2149
1210
352
26
479
1357
2315
2823
2848
2424
1527
591
65
261
1056
2046
2717
2920
2618
1820
863
161
92
759
1731
2578
2890
2760
2135
1161
338
32
493
1415
2345
2839
2851
2370
1490
553
54
279
1086
2064
2720
2898
2591
1794
824
162
186
787
1765
2547
2887
2738
2107
1188
326
34
495
1435
2375
2847
2844
2366
1444
537
51
294
1116
2064
2736
2899
2579
1771
820
163
146
824
1795
2598
2905
2739
2067
1106
302
55
593
1474
2394
2854
2850
2342
1401
570
53
338
1148
2129
2758
2908
2555
1736
744
130
139
836
1836
2631
2907
2738
2010
1080
277
51
567
1503
2408
2860
2831
2315
1379
495
46
334
1186
2179
2769
2878
2536
1699
746
118
170
873
1824
2627
2921
2707
2003
1026
272
62
583
1550
2437
2864
2824
2294
1349
471
38
383
1208
2188
2845
2885
2520
1672
711
94
170
889
1898
2643
2912
2696
1983
1009
252
65
647
1573
2452
2882
2794
2267
1312
448
5
379
1249
2212
2791
2888
2499
1637
691
117
201
939
1925
2669
2907
2685
1951
964
222
74
656
1606
2479
2882
2805
2235
1279
428
14
384
1282
2243
2801
2880
2507
1626
649
77
214
966
1957
2683
2922
2658
1917
947
204
102
668
1626
2480
2868
2799
2205
1244
397
23
427
1311
2267
2802
2837
2467
1573
643
71
226
988
2011
2678
2915
2644
1883
907
194
91
712
1677
2486
2892
2794
2172
1194
350
23
459
1351
2302
2819
2867
2424
1524
600
68
249
1034
2015
2712
2914
2614
1844
866
215
130
739
1711
2543
2892
2776
2138
1202
352
8
478
1387
2312
2822
2862
2401
1491
577
61
272
1066
2050
2733
2907
2607
1824
847
168
110
766
1747
2568
2869
2728
2127
1151
328
38
500
1419
2340
2844
2819
2374
1515
551
46
283
1084
2054
2739
2910
2557
1782
808
156
132
798
1798
2579
2893
2725
2075
1105
304
44
528
1432
2382
2851
2846
2351
1428
527
49
311
1119
2128
2754
2899
2576
1736
788
140
145
847
1810
2605
2911
2726
2059
1080
293
48
559
1470
2410
2861
2834
2316
1385
518
24
346
1169
2148
2772
2902
2545
1713
756
131
167
844
1835
2610
2923
2687
2001
1051
270
54
588
1531
2434
2870
2827
2298
1376
462
43
362
1215
2151
2781
2899
2538
1672
726
112
187
891
1883
2648
2912
2694
1989
993
239
105
639
1554
2455
2879
2826
2269
1319
442
31
380
1247
2210
2824
2870
2488
1639
715
95
206
944
1963
2669
2916
2682
1952
974
233
69
643
1599
2479
2883
2869
2249
1270
424
34
404
1279
2242
2807
2877
2477
1599
656
74
211
911
2029
2675
2918
2640
1907
942
220
73
687
1641
2505
2885
2791
2200
1243
407
35
428
1309
2259
2815
2863
2431
1562
635
76
236
1013
1989
2695
2922
2640
1892
927
202
99
708
1688
2535
2887
2832
2170
1205
370
28
461
1363
2304
2818
2895
2431
1528
600
62
258
1015
2031
2703
2911
2621
1832
867
187
106
763
1716
2555
2910
2786
2157
1171
336
25
476
1412
2305
2836
2856
2397
1491
571
65
269
1092
2130
2731
2898
2596
1839
824
163
125
775
1746
2581
2900
2753
2107
1140
324
28
511
1445
2353
2828
2843
2362
1448
555
60
293
1109
2091
2745
2915
2579
1774
805
147
162
814
1783
2587
2906
2743
2076
1107
306
41
531
1466
2377
2856
2837
2367
1412
535
42
307
1196
2127
2758
2949
2565
1739
773
140
155
842
1821
2612
2863
2723
2031
1070
265
51
563
1498
2459
2846
2831
2315
1379
486
40
338
1180
2158
2771
2904
2539
1749
738
115
157
860
1883
2652
2910
2708
2012
1040
267
58
596
1539
2435
2852
2799
2286
1355
472
16
359
1204
2184
2783
2895
2520
1652
728
108
181
897
1890
2642
2916
2691
1986
1012
266
58
610
1565
2455
2879
2812
2273
1324
442
32
362
1248
2195
2776
2888
2498
1647
695
96
196
937
1927
2660
2914
2692
1944
995
228
94
641
1604
2569
2884
2793
2215
1288
423
27
402
1284
2223
2797
2885
2483
1590
670
98
200
975
1949
2658
2927
2658
1918
953
218
79
678
1630
2505
2937
2777
2223
1266
392
31
409
1271
2259
2806
2879
2464
1578
637
82
222
984
1959
2691
2907
2641
1895
937
210
79
702
1662
2517
2891
2801
2191
1231
395
15
447
1345
2296
2803
2868
2475
1539
606
67
239
1018
2007
2703
2915
2632
1865
903
179
100
707
1707
2525
2895
2801
2146
1207
376
32
463
1369
2311
2828
2863
2403
1521
595
65
256
1031
2056
2714
2906
2594
1840
864
180
115
750
1740
2559
2901
2737
2140
1152
344
31
483
1395
2332
2842
2858
2422
1491
570
57
300
1082
2083
2703
2902
2612
1788
844
154
115
776
1751
2571
2902
2751
2104
1141
326
33
516
1431
2358
2838
2848
2371
1445
531
56
293
1114
2092
2746
2907
2581
1782
812
156
175
795
1779
2593
2915
2752
2089
1091
313
41
526
1460
2382
2847
2846
2351
1423
512
49
297
1136
2105
2747
2899
2552
1758
786
132
151
838
1818
2606
2905
2729
2051
1075
285
50
568
1503
2376
2852
2847
2327
1396
499
43
357
1176
2142
2769
2867
2590
1709
760
123
162
869
1855
2622
2912
2714
2026
1048
277
49
582
1529
2410
2847
2847
2301
1353
482
82
363
1199
2182
2779
2895
2530
1685
732
108
178
879
1875
2641
2911
2698
1992
995
260
79
612
1549
2451
2879
2834
2290
1342
467
9
382
1246
2195
2780
2855
2511
1704
747
98
193
912
1907
2655
2955
2658
1971
1003
235
71
635
1587
2467
2880
2811
2295
1295
431
30
390
1258
2221
2801
2893
2495
1611
677
88
196
952
1941
2660
2909
2672
1960
962
222
75
654
1613
2490
2874
2807
2296
1276
429
28
411
1287
2247
2797
2884
2472
1595
663
82
226
969
1959
2691
2919
2654
1910
936
180
84
684
1635
2507
2885
2815
2202
1250
400
22
402
1319
2271
2813
2869
2439
1582
634
68
229
995
1986
2694
2917
2641
1910
922
201
68
712
1671
2514
2889
2780
2176
1219
381
24
443
1345
2290
2827
2841
2445
1527
630
68
248
1029
2006
2705
2918
2632
1841
886
199
95
728
1691
2540
2904
2783
2192
1173
358
33
439
1370
2297
2839
2861
2412
1518
599
62
262
1040
2040
2714
2913
2607
1819
864
174
100
741
1724
2551
2892
2764
2140
1171
355
35
507
1406
2326
2846
2890
2411
1478
554
48
239
1073
2047
2726
2916
2604
1806
840
162
113
774
1749
2621
2907
2762
2114
1143
331
43
506
1421
2351
2844
2849
2348
1462
558
92
276
1097
2165
2728
2908
2607
1743
816
156
128
794
1774
2581
2900
2760
2101
1124
304
48
512
1454
2359
2849
2848
2362
1439
528
50
310
1130
2111
2756
2904
2578
1772
780
131
148
817
1807
2605
2881
2738
2066
1093
295
47
546
1479
2402
2852
2839
2340
1395
501
40
323
1156
2136
2761
2889
2558
1723
769
128
155
874
1842
2623
2905
2724
2015
1041
264
48
573
1507
2414
2868
2828
2286
1370
535
35
346
1187
2155
2750
2887
2540
1707
742
126
174
876
1859
2638
2915
2710
2004
1035
234
63
608
1541
2443
2868
2818
2268
1357
468
37
363
1219
2179
2775
2882
2495
1617
686
90
216
941
1937
2671
2920
2666
1943
964
237
91
668
1610
2481
2882
2797
2229
1277
426
13
415
1294
2258
2803
2885
2470
1600
653
83
277
968
1956
2680
2919
2662
1927
922
218
59
668
1685
2509
2890
2794
2208
1252
397
25
424
1305
2315
2815
2866
2467
1573
647
83
222
999
1979
2694
2915
2671
1886
908
205
98
697
1661
2520
2897
2793
2179
1223
378
32
440
1344
2289
2817
2872
2433
1544
621
59
249
1025
2014
2716
2906
2687
1898
895
186
97
721
1695
2521
2896
2772
2163
1197
350
41
468
1375
2316
2833
2865
2414
1522
591
65
264
1058
2036
2722
2892
2664
1814
867
173
105
772
1685
2569
2867
2766
2131
1159
342
39
468
1401
2353
2811
2858
2384
1491
538
85
279
1079
2057
2732
2911
2606
1800
851
166
129
786
1757
2515
2911
2747
2124
1136
339
54
499
1439
2356
2843
2853
2376
1453
540
59
323
1156
2185
2780
2897
2556
1708
760
121
165
858
1840
2622
2911
2717
2031
1076
294
55
563
1519
2431
2854
2839
2353
1361
475
43
344
1193
2165
2791
2892
2525
1689
727
112
172
885
1865
2636
2913
2711
1999
1026
260
64
611
1551
2448
2873
2815
2264
1320
466
20
345
1215
2180
2811
2901
2513
1655
714
98
174
915
1903
2661
2918
2691
1957
992
239
86
634
1587
2468
2871
2815
2253
1306
437
31
375
1253
2239
2799
2935
2478
1614
731
57
196
937
1930
2682
2919
2675
1940
918
233
67
639
1602
2484
2867
2810
2235
1262
424
27
413
1290
2245
2814
2892
2479
1591
658
83
209
983
1967
2698
3011
2644
1887
936
226
80
681
1650
2507
2907
2800
2208
1288
393
12
430
1322
2274
2815
2889
2472
1563
629
75
237
999
1994
2711
2963
2621
1845
914
187
86
713
1698
2513
2903
2786
2176
1211
368
14
446
1347
2297
2818
2861
2431
1528
604
66
254
1034
2020
2710
2913
2626
1847
889
201
99
727
1732
2538
2905
2776
2135
1215
319
32
471
1380
2317
2830
2863
2403
1507
588
46
258
1061
2038
2707
2921
2618
1827
818
146
111
762
1733
2560
2894
2757
2130
1146
349
30
495
1428
2337
2805
2901
2375
1468
557
58
278
1096
2074
2733
2914
2667
1804
830
160
139
787
1764
2580
2895
2750
2103
1127
318
28
502
1435
2359
2878
2872
2369
1460
543
52
299
1093
2106
2760
2907
2580
1768
798
128
149
811
1782
2595
2904
2751
2081
1089
301
44
539
1472
2383
2848
2840
2344
1413
514
52
306
1142
2111
2767
2896
2567
1744
774
105
148
833
1820
2609
2908
2731
2054
1060
291
37
557
1499
2426
2853
2828
2320
1382
491
40
330
1172
2163
2771
2907
2545
1736
726
111
165
905
1837
2613
2896
2711
2015
1049
276
56
598
1554
2436
2860
2785
2324
1354
494
37
458
1317
2271
2815
2870
2466
1573
631
75
233
996
1985
2670
2933
2648
1881
923
188
80
682
1662
2515
2890
2786
2186
1221
373
17
447
1358
2296
2807
2861
2428
1540
595
58
248
1034
2013
2714
2913
2633
1867
895
189
126
721
1714
2526
2904
2766
2169
1209
389
14
457
1375
2310
2822
2866
2404
1523
603
79
251
1072
2098
2721
2918
2626
1839
871
173
111
749
1720
2550
2903
2772
2137
1168
342
30
467
1393
2336
2828
2833
2404
1499
570
54
272
1074
2059
2727
2909
2581
1881
823
164
125
771
1757
2564
2904
2754
2117
1146
331
35
512
1422
2351
2832
2851
2373
1462
568
60
287
1082
2065
2738
2911
2594
1785
798
158
133
801
1772
2587
2926
2717
2095
1109
284
47
544
1447
2370
2844
2849
2356
1443
539
57
316
1091
2095
2740
2897
2571
1751
803
144
148
816
1799
2597
2947
2738
2074
1103
305
46
523
1464
2383
2852
2848
2343
1414
490
49
320
1151
2129
2752
2883
2562
1749
793
130
154
839
1815
2627
2911
2686
2056
1067
283
50
563
1506
2384
2844
2832
2326
1400
466
44
345
1174
2221
2768
2893
2545
1714
751
131
173
861
1846
2632
2919
2722
2018
1046
275
59
571
1514
2427
2858
2830
2304
1369
480
38
355
1198
2169
2775
2891
2531
1716
709
104
175
880
1871
2636
2914
2703
2007
1027
256
37
588
1547
2527
2838
2823
2282
1297
467
25
358
1218
2191
2783
2904
2526
1697
695
86
185
927
1895
2647
2914
2698
1956
1001
245
65
620
1569
2459
2859
2817
2265
1319
431
35
400
1244
2207
2771
2864
2493
1642
691
94
195
926
1908
2661
2922
2681
1957
998
228
64
631
1602
2476
2884
2808
2246
1285
429
31
404
1269
2221
2803
2894
2494
1611
678
74
204
943
1946
2672
2920
2661
1934
956
287
99
669
1628
2505
2887
2799
2211
1276
411
28
467
1373
2302
2827
2864
2419
1519
601
65
258
1049
2027
2688
2915
2621
1828
894
145
106
748
1714
2551
2896
2768
2145
1138
344
29
485
1380
2328
2824
2863
2402
1487
575
64
277
1071
2049
2723
2918
2596
1819
830
175
120
764
1759
2585
2924
2755
2135
1151
335
38
507
1421
2353
2836
2838
2384
1452
574
58
354
1099
2082
2729
2914
2593
1791
822
158
132
798
1793
2572
2896
2732
2118
1133
323
32
501
1427
2367
2846
2845
2363
1481
576
56
305
1112
2110
2751
2892
2592
1759
791
143
137
816
1796
2603
2902
2733
2064
1093
298
113
526
1491
2474
2856
2838
2347
1407
514
42
318
1150
2135
2764
2897
2572
1738
763
128
144
835
1835
2619
2904
2723
2035
1070
280
51
568
1512
2413
2866
2836
2297
1380
481
42
335
1180
2126
2755
2884
2543
1703
753
118
168
864
1866
2613
2914
2709
2016
1034
263
69
587
1520
2413
2863
2820
2298
1358
474
46
354
1201
2185
2770
2983
2521
1671
727
113
184
887
1897
2660
2913
2699
1982
1007
282
27
606
1551
2446
2884
2815
2271
1360
434
10
370
1233
2195
2790
2888
2511
1659
703
89
242
913
1908
2666
2916
2686
1963
1010
265
70
627
1584
2466
2878
2806
2255
1310
432
31
392
1263
2220
2802
2893
2492
1658
684
90
203
945
1935
2664
2911
2666
1936
970
224
75
658
1609
2516
2879
2800
2234
1297
437
27
391
1279
2201
2789
2883
2489
1608
666
83
242
955
1951
2684
2920
2667
1924
948
228
79
679
1626
2479
2894
2798
2204
1239
400
0
405
1297
2260
2812
2879
2464
1578
624
82
219
991
1959
2700
2923
2664
1919
923
187
114
699
1673
2516
2891
2786
2194
1221
368
11
435
1324
2286
2817
2964
2423
1540
617
73
247
1019
2005
2704
2911
2659
1864
892
170
84
722
1741
2525
2886
2776
2155
1196
358
47
536
1425
2377
2847
2838
2350
1409
526
50
308
1140
2175
2776
2904
2565
1738
783
140
153
833
1823
2613
2908
2703
2058
1096
280
51
562
1491
2385
2859
2832
2318
1393
500
44
345
1172
2166
2755
2898
2543
1717
806
131
152
892
1848
2627
2906
2714
2046
1046
270
15
540
1522
2426
2866
2829
2294
1368
473
37
358
1198
2177
2773
2887
2533
1681
733
110
192
865
1887
2642
2906
2685
2027
1024
267
67
587
1553
2447
2864
2825
2274
1334
451
17
355
1253
2213
2776
2943
2509
1647
707
99
192
920
1908
2662
2908
2703
1961
979
250
52
658
1568
2492
2875
2812
2280
1303
435
33
391
1257
2220
2795
2888
2470
1633
661
83
207
943
1911
2665
2919
2678
1941
967
231
73
660
1663
2501
2888
2867
2226
1261
400
14
405
1278
2245
2805
2883
2474
1599
656
78
223
968
1962
2676
2922
2656
1888
938
212
78
676
1637
2503
2885
2788
2210
1260
419
16
428
1312
2270
2799
2851
2515
1567
639
79
234
1004
1984
2707
2947
2646
1887
900
200
107
692
1659
2521
2874
2785
2176
1220
379
24
451
1345
2297
2813
2891
2456
1538
604
67
245
1030
2003
2727
2912
2630
1860
886
188
103
727
1716
2580
2892
2759
2140
1186
359
0
470
1376
2319
2829
2865
2415
1510
593
68
260
1052
2021
2711
2933
2612
1832
855
188
104
767
1727
2555
2894
2763
2131
1144
349
29
484
1397
2339
2863
2859
2410
1479
561
65
277
1083
2072
2731
2914
2610
1787
849
150
136
785
1756
2582
2907
2743
2109
1149
324
39
514
1439
2361
2855
2850
2371
1447
534
56
316
1114
2099
2745
2897
2578
1775
808
148
139
805
1784
2587
2906
2735
2085
1094
290
24
543
1445
2393
2856
2835
2347
1422
517
43
319
1142
2119
2764
2905
2569
1733
783
152
144
842
1811
2610
2907
2729
2055
1082
296
31
552
1514
2422
2855
2839
2338
1385
500
54
318
1171
2142
2764
2899
2557
1727
721
121
161
871
1827
2606
2910
2719
2036
1060
279
55
581
1516
2422
2859
2829
2308
1380
493
34
347
1171
2169
2752
2883
2527
1661
740
115
175
883
1849
2635
2939
2705
2018
1011
247
61
608
1563
2438
2868
2804
2290
1346
461
33
359
1222
2186
2783
2882
2531
1656
698
105
177
924
1902
2639
2909
2690
1975
1007
251
46
619
1575
2445
2861
2814
2246
1311
443
28
380
1234
2208
2786
2890
2495
1639
703
95
201
920
1892
2680
2919
2651
1963
981
222
111
638
1600
2477
2878
2808
2239
1285
420
0
398
1267
2231
2803
2879
2471
1610
665
79
207
960
1946
2678
2927
2671
1923
957
208
102
674
1628
2500
2855
2787
2247
1263
405
20
423
1307
2269
2781
2883
2457
1561
645
106
222
995
1983
2707
2925
2647
1888
923
204
86
699
1660
2515
2875
2794
2183
1250
402
28
425
1330
2287
2814
2872
2429
1541
621
67
247
1026
2018
2707
2908
2626
1862
893
195
102
728
1664
2541
2896
2774
2160
1199
368
30
456
1361
2273
2818
2867
2419
1510
565
83
255
1054
2035
2724
2911
2620
1839
862
175
107
750
1731
2555
2893
2767
2138
1163
336
35
481
1400
2328
2839
2856
2399
1491
596
60
257
1072
2047
2720
2880
2598
1794
837
163
119
780
1744
2568
2900
2754
2140
1127
325
23
506
1426
2364
2898
2858
2370
1458
552
56
299
1118
2088
2729
2891
2563
1764
814
162
136
809
1830
2596
2901
2739
2084
1110
311
42
536
1455
2361
2847
2853
2327
1428
523
38
306
1128
2111
2752
2903
2573
1748
790
136
170
852
1835
2598
2904
2729
2095
1103
303
53
546
1481
2400
2857
2839
2330
1394
490
59
328
1158
2139
2763
2887
2554
