313
224
383
314
449
378
462
394
466
402
462
385
453
362
448
355
444
339
432
310
409
280
379
248
358
224
324
176
269
136
248
139
271
173
319
233
392
322
458
390
473
403
477
415
475
393
465
369
456
361
451
344
440
318
415
288
384
249
358
223
327
178
270
133
245
134
262
159
304
209
368
293
439
372
462
393
466
402
466
383
458
365
450
355
443
342
435
316
414
288
385
253
363
231
332
188
283
146
258
139
268
166
311
218
379
307
449
381
474
403
473
412
475
392
463
372
455
359
448
341
436
314
413
286
387
251
358
227
325
179
270
134
242
131
255
159
303
213
371
297
440
376
464
394
467
406
470
390
462
372
456
363
450
347
441
323
420
288
390
257
359
226
327
186
280
140
248
139
265
162
301
211
366
296
445
376
467
398
469
408
470
388
460
366
450
353
445
341
434
315
412
285
386
251
361
227
330
190
285
144
250
139
265
162
302
212
370
294
444
379
468
400
472
414
472
398
468
375
461
364
458
352
447
331
428
299
400
265
366
237
340
198
288
143
254
141
267
163
303
212
364
292
440
371
463
397
465
405
466
391
458
368
451
352
446
342
434
315
414
286
388
252
362
230
334
195
287
147
252
139
263
158
300
207
364
292
440
371
467
399
473
410
474
402
467
377
459
364
457
352
448
327
424
296
396
264
367
236
343
203
295
149
256
130
251
150
288
191
346
271
430
359
460
393
464
399
466
391
459
368
449
351
447
346
437
320
416
287
391
257
356
224
327
188
283
140
249
134
257
147
287
195
348
274
431
363
469
400
475
411
478
404
467
375
458
364
455
353
445
330
425
296
396
264
365
234
338
197
290
141
247
132
251
149
285
190
344
267
424
354
458
392
465
399
469
395
461
373
453
358
448
347
439
327
421
292
393
264
365
238
343
207
302
158
264
143
266
159
300
204
359
278
434
363
469
401
474
408
477
405
469
379
460
365
457
355
447
334
427
300
400
264
367
238
340
205
297
153
251
135
256
143
283
186
337
255
418
349
458
391
461
400
467
399
460
375
452
354
448
346
440
328
422
296
397
267
372
240
342
204
301
159
260
136
256
147
279
183
334
256
416
345
466
399
472
406
475
409
467
379
459
362
454
351
446
333
425
297
399
268
370
234
344
204
299
158
254
140
260
149
281
186
335
257
413
345
457
394
464
399
469
404
464
377
455
360
455
354
444
336
429
306
406
275
375
244
351
216
313
166
263
138
258
146
279
182
330
249
415
346
462
396
467
400
470
405
464
378
456
359
451
348
442
328
425
297
398
268
370
236
345
208
303
159
263
132
251
146
280
182
330
248
410
342
461
395
469
402
475
409
468
383
460
367
458
360
450
340
435
307
408
275
375
243
350
215
314
167
262
133
251
145
275
175
324
238
403
333
457
388
464
395
469
400
460
379
452
356
447
351
440
332
427
303
403
272
368
237
348
214
314
169
264
136
256
142
277
178
323
235
403
331
461
397
472
406
477
412
472
386
463
369
459
362
451
340
433
308
404
273
372
238
348
215
311
164
256
124
242
133
261
161
303
221
388
315
449
382
462
395
467
402
463
382
455
359
451
351
444
336
431
310
409
280
379
248
357
221
321
173
270
143
261
148
274
177
318
234
398
330
460
394
471
403
475
411
471
387
463
367
454
358
447
342
434
308
404
275
374
240
347
211
313
165
256
123
238
131
256
158
303
219
384
312
448
380
462
396
467
405
464
382
455
362
452
354
447
342
436
315
412
286
387
254
367
233
336
187
282
149
262
147
275
173
318
233
394
322
456
388
469
400
472
410
469
386
459
364
452
355
446
339
431
312
408
277
376
244
350
219
320
173
266
132
246
136
263
163
303
219
381
313
451
381
463
398
470
407
471
387
459
368
454
360
451
346
441
318
418
286
390
256
359
223
330
184
276
139
252
144
267
168
310
218
379
309
450
380
467
396
469
405
466
384
456
362
448
353
443
339
429
312
408
280
380
250
357
223
327
181
274
134
245
136
264
162
304
212
371
298
447
382
469
400
474
413
477
395
467
372
459
366
455
350
443
324
418
288
387
251
360
226
325
179
271
136
246
135
259
156
298
207
368
292
439
371
461
394
465
402
466
383
456
363
450
352
445
342
434
312
411
283
385
248
357
224
323
179
271
136
247
136
262
159
303
216
374
300
447
383
469
404
475
415
479
399
466
373
458
363
453
347
443
322
417
287
389
253
363
230
331
191
285
144
250
138
262
158
300
209
363
291
437
368
461
394
464
403
466
387
456
367
450
355
446
343
437
317
416
286
389
254
366
234
339
196
287
148
253
145
265
163
300
210
363
292
441
376
472
403
474
414
476
400
467
374
458
362
453
348
444
326
421
291
388
255
364
231
335
196
287
145
249
138
262
155
295
200
355
279
431
364
459
394
463
405
465
391
459
369
450
353
447
346
440
323
419
290
389
256
356
226
330
189
284
143
252
140
265
158
301
209
361
287
444
374
470
402
475
412
475
404
470
377
459
363
455
349
444
329
423
293
393
258
356
224
327
187
279
136
242
127
250
148
284
193
343
265
421
352
459
392
463
403
468
395
460
371
452
355
448
346
440
326
420
293
395
264
365
237
342
203
298
152
259
135
257
147
285
192
343
267
429
362
470
401
475
411
477
406
469
379
459
363
454
352
445
332
426
298
398
265
367
239
344
206
300
156
258
135
256
144
280
182
335
260
416
346
458
393
464
399
469
397
463
376
452
357
449
347
442
328
424
296
397
265
368
235
341
203
297
153
253
139
261
151
289
191
347
268
429
363
469
402
475
409
478
409
469
380
461
365
455
354
446
335
428
303
402
268
370
234
342
205
299
155
255
142
263
154
290
191
342
262
418
347
457
392
463
399
469
399
460
374
452
354
447
350
440
328
422
298
399
270
371
238
348
211
303
162
258
134
255
151
287
195
343
262
422
352
465
400
474
410
476
413
471
384
463
369
459
357
449
337
431
307
407
272
373
237
349
214
306
161
254
138
260
147
281
185
334
254
417
345
459
393
464
397
470
402
463
377
452
355
447
351
439
327
421
295
395
264
366
235
344
206
304
156
256
127
247
143
280
183
331
251
415
348
459
392
466
399
474
405
466
380
459
363
454
355
445
338
430
308
407
275
375
243
350
213
312
166
260
133
250
146
276
178
325
241
404
334
464
394
470
403
477
408
467
383
460
364
456
356
447
339
431
307
402
270
373
238
348
211
309
160
254
133
249
144
274
174
322
235
401
328
455
387
462
398
469
399
459
378
453
355
448
348
441
331
426
302
405
271
375
240
348
211
310
162
257
128
242
134
264
168
314
232
396
328
457
391
466
399
475
409
467
383
460
367
456
358
449
339
435
309
409
278
379
248
356
219
319
178
270
143
263
151
282
182
329
243
405
335
463
398
472
403
476
410
469
385
460
366
453
355
449
337
432
307
405
274
373
240
346
211
307
162
251
128
241
132
260
159
307
218
383
316
449
383
463
395
467
399
463
380
453
356
446
352
440
332
427
306
401
271
374
240
348
215
314
169
261
131
245
135
265
168
313
225
388
318
452
387
468
398
474
412
471
388
463
370
458
363
453
345
438
317
416
284
386
253
363
231
331
187
279
146
260
143
276
173
320
229
391
322
455
387
468
399
475
411
467
386
461
367
452
355
445
340
431
312
408
277
377
243
350
218
319
178
267
132
245
135
262
160
302
215
377
307
444
380
463
395
467
402
465
381
455
361
447
358
444
341
432
309
408
278
379
249
356
223
324
177
270
138
252
144
270
173
319
233
394
325
458
390
472
403
477
414
475
392
466
369
459
364
454
347
440
318
416
284
386
251
360
227
325
181
272
133
244
132
259
155
300
210
370
295
443
376
463
396
466
405
467
383
456
362
449
352
442
336
429
311
408
280
379
247
355
219
323
175
273
131
244
132
258
155
300
211
369
297
444
379
468
399
474
414
476
395
465
371
458
363
455
348
440
323
418
290
386
254
366
235
337
190
287
150
260
143
273
167
310
218
376
304
446
381
469
400
472
411
476
394
464
370
456
360
450
345
438
318
416
284
384
250
358
225
323
179
271
132
240
127
256
150
293
196
354
281
433
363
462
394
464
402
467
384
458
366
449
353
443
341
432
312
411
284
386
251
360
227
327
187
280
139
248
136
264
160
298
208
363
292
442
375
470
401
474
413
475
399
468
374
459
364
455
353
444
329
424
295
394
262
364
233
335
199
288
143
253
143
270
167
308
213
367
295
441
374
464
392
466
404
467
390
459
368
451
354
445
342
434
314
412
286
388
252
359
227
331
191
284
143
252
142
267
162
302
210
364
289
437
368
466
397
470
408
474
399
466
374
458
361
453
351
447
334
427
300
400
264
366
236
339
198
287
147
251
139
263
157
298
204
359
282
436
366
465
396
469
404
470
395
463
373
454
355
448
343
435
320
413
289
388
251
362
230
333
196
285
144
246
132
252
151
291
193
346
271
428
361
460
395
467
402
469
395
463
374
454
358
450
346
441
328
423
295
397
267
370
237
344
206
302
160
263
144
265
156
301
207
363
286
440
370
469
401
474
412
478
404
469
377
460
363
455
351
446
332
426
299
399
267
369
234
340
201
293
148
247
132
250
149
286
194
344
267
425
357
460
394
465
399
468
395
459
371
449
351
447
346
436
321
418
288
387
253
363
233
338
199
292
145
246
130
250
147
283
190
344
266
425
356
463
400
470
408
476
406
468
379
460
363
459
357
447
338
431
306
403
267
370
235
342
203
298
154
252
137
257
144
278
182
332
254
420
350
460
395
463
403
470
400
463
378
453
354
448
344
439
325
417
289
391
257
359
226
334
199
291
147
244
126
250
146
280
186
336
256
413
346
464
396
468
404
475
410
469
383
462
367
459
357
451
336
431
307
406
272
373
238
351
212
305
159
260
136
255
153
287
194
338
258
414
347
460
395
465
400
470
403
462
378
453
355
447
349
440
328
424
297
399
269
371
237
347
209
301
159
259
132
250
145
276
179
323
242
405
334
458
391
464
399
469
404
464
379
459
363
455
354
448
335
433
304
404
272
372
239
351
216
315
169
267
142
264
152
284
191
339
254
419
347
463
399
472
404
476
407
468
383
460
364
456
355
447
335
431
307
402
270
373
238
349
212
310
162
255
134
250
146
276
178
321
237
402
332
456
388
462
399
468
403
462
381
457
361
452
353
446
335
433
306
403
273
371
240
348
212
312
166
260
133
250
143
278
180
328
242
404
334
464
394
474
406
477
412
471
387
464
366
458
359
451
339
433
306
405
274
372
239
350
215
313
166
260
128
242
132
262
163
306
219
384
314
451
382
461
395
466
399
461
380
454
359
446
354
441
332
429
305
402
270
374
241
347
212
313
164
258
127
246
137
268
173
318
237
402
331
456
392
470
401
475
413
470
388
463
370
457
361
452
342
439
315
415
288
384
250
358
221
324
175
271
142
260
143
277
178
319
235
396
330
456
388
469
399
472
408
467
383
457
363
451
352
444
336
430
308
406
275
372
239
349
217
317
174
268
137
252
143
275
173
318
233
392
322
450
382
462
398
467
403
466
385
459
369
453
360
449
340
436
312
414
287
389
256
356
222
328
182
274
139
256
139
267
170
315
228
388
317
458
388
472
403
476
414
471
390
464
367
455
362
450
343
439
316
413
288
384
248
357
223
327
180
273
137
249
138
266
164
305
212
372
298
443
375
462
392
466
402
464
381
455
363
448
352
443
337
431
313
409
282
383
253
362
229
331
187
285
148
260
146
273
166
307
218
375
306
449
381
468
399
472
411
475
394
464
371
458
364
454
350
445
326
422
292
391
260
362
231
332
189
285
148
258
142
271
170
315
226
382
311
451
380
468
399
470
409
472
391
459
368
449
354
446
340
433
311
408
281
381
251
358
224
327
180
275
134
246
133
260
156
300
210
368
294
441
372
464
394
471
408
475
393
464
369
456
363
452
347
442
322
419
289
390
257
358
226
327
185
280
139
253
142
272
165
305
210
367
297
444
379
470
399
473
410
473
395
463
374
457
360
450
343
439
319
416
286
387
252
360
228
329
188
283
142
253
142
268
163
304
207
366
292
437
369
461
392
465
401
466
387
458
367
452
355
447
346
438
320
416
287
391
258
358
228
329
191
285
147
254
143
271
168
309
214
368
291
443
375
471
400
475
413
474
399
466
374
457
362
452
348
442
325
421
290
389
256
355
221
326
188
280
139
246
132
256
145
284
190
347
272
426
357
459
388
463
402
465
388
457
367
450
354
444
344
435
319
417
288
386
252
361
231
334
197
290
145
250
137
262
155
295
199
355
277
433
363
468
398
473
409
475
403
467
375
459
364
456
353
446
332
427
302
404
268
372
241
343
203
298
157
263
142
267
159
303
210
359
280
434
362
463
396
468
403
468
393
460
372
451
355
447
345
436
320
415
290
389
257
354
225
327
191
287
146
249
134
258
147
283
189
343
266
424
355
463
395
467
404
471
399
465
375
457
363
455
353
446
335
430
305
403
269
375
242
346
211
302
159
265
145
264
155
298
200
350
274
428
358
466
395
471
404
474
400
465
373
457
363
452
348
443
329
422
294
395
264
363
235
339
201
296
150
251
136
256
144
279
182
332
256
412
344
458
390
462
399
468
395
461
375
453
357
451
348
442
331
427
300
400
268
371
240
344
208
300
159
264
141
265
155
296
199
350
271
429
362
468
397
472
404
475
407
467
379
459
365
455
352
446
334
429
303
403
270
371
237
346
208
299
156
256
129
248
143
281
184
335
255
418
344
457
389
463
399
468
398
462
376
452
358
448
347
440
331
424
300
402
270
372
241
347
211
305
161
258
133
253
150
284
188
340
258
414
347
464
395
472
405
476
411
469
383
461
367
458
360
449
338
432
305
406
273
372
240
347
211
304
156
256
128
244
138
274
174
326
243
407
336
461
391
467
398
472
402
462
380
453
358
449
348
440
330
425
299
400
268
369
236
343
207
307
162
257
128
247
140
275
174
325
240
403
332
457
389
465
397
473
404
467
382
460
363
456
359
449
339
432
306
407
276
377
249
356
219
320
172
271
145
261
147
280
180
328
241
404
335
463
397
470
398
474
406
466
380
458
363
452
354
443
334
427
304
401
267
370
236
346
211
308
162
254
132
250
142
279
179
323
235
400
327
454
385
463
397
470
402
463
382
456
360
451
353
444
338
428
309
409
277
379
248
357
220
322
175
274
144
260
145
275
175
322
237
400
328
459
394
472
403
478
413
471
388
463
368
458
360
451
341
435
309
408
277
376
246
351
219
318
172
267
137
253
146
275
175
323
233
396
326
452
383
461
395
468
400
463
380
453
356
447
354
441
332
428
307
404
272
371
237
347
214
313
169
263
132
248
141
271
176
320
230
393
324
456
390
472
403
476
413
471
390
463
370
458
363
452
346
442
318
418
285
386
250
360
224
323
173
268
138
252
145
273
171
316
230
391
318
454
384
465
395
471
404
464
382
455
360
450
352
443
337
428
307
403
272
371
236
347
214
313
170
263
130
243
133
259
159
306
213
376
306
447
385
465
399
470
409
469
387
462
370
457
361
452
345
439
316
415
288
385
250
361
226
327
180
272
136
246
137
264
163
305
214
376
304
450
381
467
398
471
408
469
386
460
366
452
355
446
341
432
310
405
275
375
241
347
216
317
172
267
132
239
132
258
154
299
211
371
298
443
376
460
395
464
403
467
385
458
364
451
357
450
341
438
319
417
286
391
256
359
227
327
179
272
134
246
135
261
160
300
213
372
299
448
379
471
402
475
415
476
395
467
371
459
364
453
347
443
322
418
288
386
250
360
225
325
178
270
132
241
130
251
156
300
210
366
295
440
371
460
393
464
402
467
383
456
363
450
351
444
339
432
311
411
284
384
249
359
226
328
184
279
139
251
142
268
168
309
216
375
301
449
379
467
399
471
413
475
396
465
372
458
362
455
347
445
326
420
291
391
257
357
223
329
189
282
141
251
140
264
160
298
206
365
292
438
371
464
395
467
405
466
388
458
367
450
352
444
340
434
313
412
284
386
250
360
227
330
191
287
146
253
143
269
167
307
212
366
295
441
374
465
396
470
409
472
396
465
372
456
361
454
349
444
327
422
296
395
263
366
234
339
195
286
144
248
135
259
151
291
198
349
279
433
365
465
397
468
408
471
398
464
369
453
356
448
343
438
319
416
285
388
253
362
231
334
197
287
147
252
138
263
156
296
202
357
281
434
363
463
398
467
405
471
399
464
372
456
359
454
350
447
331
426
299
400
264
366
237
343
201
294
149
254
142
267
160
299
206
360
285
436
365
468
397
472
406
471
399
463
375
454
357
447
346
439
321
416
286
389
254
362
231
335
198
291
142
249
135
257
146
285
191
345
271
428
359
459
393
466
401
469
397
463
376
453
356
450
349
442
329
423
296
397
266
368
234
339
200
296
148
252
137
260
148
286
195
344
269
429
363
470
402
475
410
477
406
468
379
460
364
456
354
446
334
428
302
403
270
372
240
341
204
300
154
256
131
250
146
283
187
337
255
419
350
458
390
464
398
466
396
459
372
451
354
446
347
438
324
420
293
392
261
362
231
337
197
290
144
243
125
249
146
282
186
336
256
415
349
462
396
470
403
473
405
467
380
459
365
456
357
447
339
431
307
406
274
372
240
343
206
301
160
256
129
249
144
278
181
329
250
415
347
463
396
469
402
473
404
465
377
456
361
452
351
445
332
426
301
402
268
367
239
349
212
303
160
257
129
247
141
279
179
326
245
406
338
456
387
463
399
467
401
461
378
454
358
449
347
440
328
423
298
399
270
372
241
345
208
303
160
257
130
249
143
281
185
334
256
412
343
465
396
473
406
478
412
470
386
462
369
458
360
451
339
432
304
405
273
371
239
351
214
310
163
258
131
250
144
275
175
324
239
405
333
459
390
467
395
471
400
462
380
454
357
450
350
442
332
426
302
400
268
370
236
347
211
309
162
256
126
249
143
281
184
329
244
403
333
455
387
462
398
469
400
464
379
456
362
453
356
446
338
432
307
405
273
374
245
351
221
323
175
276
144
262
147
278
179
323
238
403
332
462
396
472
402
477
412
470
388
463
371
458
360
452
342
437
310
409
281
380
251
361
223
327
180
272
140
259
142
276
174
320
231
394
322
452
382
463
396
468
401
461
380
452
357
446
351
442
333
429
305
402
271
374
242
349
215
314
169
265
136
252
147
274
175
320
230
392
322
452
383
466
396
467
406
464
383
458
364
452
358
447
342
436
312
413
285
387
256
355
219
323
175
272
141
260
144
272
172
316
231
392
321
457
388
472
402
475
411
472
390
464
367
458
363
452
343
439
315
415
289
386
251
362
226
326
180
271
142
259
141
272
169
311
224
382
312
447
382
463
395
467
402
463
383
455
360
448
352
443
335
432
306
404
274
373
241
348
219
321
175
271
140
258
141
271
175
318
231
392
319
454
384
466
396
472
409
469
389
463
371
457
363
454
346
443
320
418
287
391
257
358
226
325
180
275
139
251
142
273
168
311
220
382
312
455
383
469
397
471
408
469
388
461
368
452
355
447
341
435
311
409
279
380
250
357
223
327
180
274
134
247
135
262
159
303
216
375
303
444
375
461
392
466
401
465
383
456
364
450
354
446
344
436
316
416
288
384
251
362
230
334
190
288
149
262
144
270
168
312
221
379
309
452
381
471
401
476
414
477
397
467
374
459
366
454
349
443
322
420
289
388
255
366
235
338
191
288
144
256
134
260
154
297
206
366
297
441
370
463
394
466
401
468
386
457
366
448
354
443
340
432
312
409
284
385
252
361
228
331
189
287
150
260
142
271
168
311
218
372
299
442
373
464
394
468
406
473
394
463
374
456
361
453
348
441
325
419
292
389
262
363
231
336
192
284
145
254
141
271
167
308
212
367
294
442
373
470
398
474
410
472
397
465
372
456
362
451
345
440
322
419
288
386
251
359
227
328
189
283
143
252
139
266
160
297
203
357
281
431
364
459
391
463
401
463
389
458
368
449
353
443
346
436
320
416
288
387
254
365
237
343
203
299
158
267
149
272
162
302
211
364
290
438
368
469
399
474
411
475
402
468
377
459
365
457
352
447
332
427
300
401
266
368
235
340
198
292
146
252
139
264
157
298
203
357
278
432
359
462
395
467
401
468
393
460
370
450
352
446
346
437
320
414
291
389
256
355
223
333
195
287
146
251
137
260
151
290
193
344
269
426
358
461
392
464
399
469
396
463
376
456
362
452
348
444
329
424
298
399
271
376
243
350
212
305
159
268
148
271
166
305
207
361
283
436
366
469
400
473
409
476
404
469
376
457
362
455
352
446
332
427
300
400
264
365
237
344
206
302
159
266
144
264
153
291
192
341
260
416
344
458
388
463
400
466
395
460
373
452
356
448
345
441
327
423
296
398
270
372
241
346
211
304
157
262
141
267
158
299
205
356
276
430
363
469
399
473
408
477
407
469
383
463
367
458
358
449
336
430
304
403
271
372
242
347
210
305
155
256
133
251
147
282
185
336
251
415
349
460
393
464
397
468
398
460
