2583
2734
2867
2864
2866
2866
2867
2863
2866
2864
2865
2863
2865
2863
2864
2862
2866
2863
2867
2863
2868
2747
2597
2429
2255
2073
1906
1754
1631
1534
1472
1433
1454
1509
1592
1709
1856
2023
2206
2385
2557
2710
2851
2865
2865
2864
2867
2864
2864
2863
2867
2864
2865
2863
2864
2862
2864
2863
2864
2863
2864
2770
2625
2459
2283
2104
1933
1779
1647
1548
1480
1439
1444
1497
1578
1688
1831
1994
2171
2351
2527
2686
2827
2866
2866
2865
2865
2863
2864
2864
2864
2864
2864
2862
2864
2863
2863
2862
2866
2865
2867
2795
2650
2487
2314
2135
1962
1804
1669
1564
1492
1444
1441
1483
1562
1667
1804
1965
2144
2322
2499
2659
2803
2867
2866
2864
2867
2863
2863
2863
2864
2863
2863
2863
2865
2863
2863
2863
2865
2863
2867
2817
2676
2517
2347
2166
1992
1828
1692
1580
1502
1451
1434
1477
1549
1648
1779
1935
2111
2290
2469
2631
2778
2865
2865
2863
2866
2865
2865
2863
2864
2863
2864
2862
2865
2864
2866
2864
2865
2864
2867
2840
2702
2546
2377
2196
2020
1853
1712
1596
1515
1459
1429
1468
1534
1629
1754
1907
2081
2263
2440
2605
2757
2865
2866
2862
2864
2863
2866
2864
2866
2864
2865
2864
2865
2864
2865
2863
2865
2864
2867
2864
2726
2573
2407
2226
2050
1884
1738
1614
1525
1467
1433
1460
1518
1608
1731
1880
2051
2227
2406
2576
2732
2863
2867
2864
2866
2864
2866
2865
2865
2864
2866
2865
2865
2863
2866
2863
2864
2863
2867
2864
2753
2600
2435
2258
2081
1909
1760
1633
1538
1476
1434
1449
1504
1587
1704
1851
2019
2198
2378
2550
2706
2842
2868
2867
2869
2865
2865
2864
2865
2864
2866
2864
2864
2863
2865
2862
2863
2862
2864
2864
2777
2628
2466
2288
2111
1938
1783
1652
1553
1483
1439
1444
1495
1572
1685
1823
1989
2167
2350
2522
2681
2820
2866
2863
2867
2864
2865
2863
2864
2863
2863
2862
2865
2863
2865
2863
2864
2863
2866
2862
2799
2653
2495
2320
2144
1966
1808
1674
1568
1491
1446
1442
1483
1555
1661
1796
1959
2136
2317
2491
2654
2796
2867
2864
2865
2862
2863
2864
2864
2863
2864
2863
2863
2863
2864
2861
2864
2863
2865
2865
2825
2682
2522
2351
2175
1997
1835
1696
1584
1503
1454
1434
1476
1543
1647
1774
1931
2105
2285
2460
2626
2772
2867
2864
2865
2863
2864
2863
2863
2863
2865
2863
2866
2864
2864
2863
2865
2864
2866
2866
2847
2704
2551
2383
2203
2025
1861
1719
1602
1516
1462
1428
1467
1527
1621
1752
1902
2073
2255
2434
2600
2748
2866
2863
2865
2862
2866
2864
2865
2863
2864
2863
2865
2865
2864
2863
2866
2863
2865
2863
2866
2733
2580
2411
2237
2059
1888
1740
1621
1528
1466
1430
1459
1515
1604
1722
1872
2040
2223
2403
2573
2726
2861
2867
2866
2866
2865
2864
2866
2863
2866
2864
2864
2863
2864
2863
2864
2863
2864
2863
2865
2756
2607
2442
2268
2087
1917
1762
1637
1541
1475
1434
1451
1503
1587
1701
1848
2015
2193
2371
2545
2702
2842
2866
2867
2863
2866
2864
2865
2863
2865
2863
2864
2862
2863
2862
2864
2863
2865
2865
2867
2781
2633
2469
2298
2116
1942
1788
1658
1553
1485
1440
1443
1490
1568
1678
1821
1981
2163
2340
2515
2674
2815
2867
2865
2865
2864
2863
2864
2863
2863
2863
2864
2863
2865
2863
2864
2862
2863
2863
2865
2803
2662
2498
2326
2149
1974
1812
1676
1572
1495
1446
1435
1482
1554
1659
1797
1956
2134
2310
2486
2648
2796
2865
2865
2864
2865
2867
2865
2863
2864
2862
2864
2863
2866
2863
2864
2863
2864
2864
2866
2828
2688
2527
2355
2176
2002
1838
1698
1587
1507
1453
1434
1474
1541
1640
1767
1923
2102
2283
2458
2622
2772
2866
2867
2864
2864
2863
2864
2863
2865
2866
2865
2863
2864
2863
2866
2864
2866
2865
2866
2850
2713
2557
2387
2208
2032
1866
1723
1606
1518
1461
1428
1464
1527
1620
1743
1896
2070
2248
2425
2591
2744
2866
2867
2864
2867
2864
2865
2864
2865
2865
2866
2863
2864
2863
2864
2863
2865
2864
2865
2865
2737
2584
2418
2238
2062
1897
1749
1624
1531
1470
1432
1454
1511
1595
1716
1864
2036
2216
2395
2563
2721
2856
2868
2864
2867
2864
2865
2863
2864
2863
2866
2862
2865
2863
2864
2863
2863
2863
2867
2866
2765
2613
2449
2270
2095
1923
1771
1640
1544
1478
1436
1446
1502
1580
1696
1839
2005
2185
2366
2535
2691
2831
2867
2866
2866
2865
2865
2863
2864
2863
2866
2864
2865
2862
2864
2864
2864
2863
2866
2865
2789
2640
2480
2305
2127
1950
1795
1662
1561
1487
1444
1439
1487
1563
1675
1812
1974
2151
2334
2507
2667
2810
2867
2864
2864
2863
2864
2864
2864
2862
2865
2863
2865
2863
2864
2863
2864
2863
2865
2864
2814
2670
2512
2337
2159
1983
1819
1683
1577
1498
1450
1436
1482
1550
1652
1783
1946
2119
2299
2475
2639
2783
2865
2865
2866
2863
2866
2863
2867
2864
2865
2863
2865
2863
2865
2863
2866
2864
2865
2864
2836
2696
2539
2368
2193
2015
1851
1708
1598
1512
1459
1431
1471
1535
1632
1756
1914
2086
2268
2444
2609
2759
2868
2865
2866
2864
2865
2864
2865
2864
2866
2864
2865
2865
2864
2863
2866
2864
2866
2863
2863
2721
2570
2398
2222
2043
1879
1729
1614
1525
1464
1426
1463
1519
1613
1734
1885
2056
2235
2412
2583
2735
2869
2864
2866
2863
2866
2865
2865
2866
2865
2864
2866
2863
2864
2863
2866
2863
2864
2863
2867
2744
2595
2427
2252
2074
1906
1754
1631
1535
1471
1431
1453
1507
1593
1711
1857
2025
2207
2383
2555
2712
2849
2866
2865
2863
2865
2865
2864
2863
2866
2863
2866
2863
2864
2863
2863
2863
2867
2863
2866
2772
2624
2457
2284
2105
1931
1776
1650
1547
1482
1436
1446
1496
1576
1688
1830
1993
2175
2354
2528
2683
2825
2867
2866
2864
2865
2864
2863
2861
2864
2863
2865
2863
2866
2863
2864
2862
2865
2865
2865
2795
2651
2490
2316
2137
1963
1801
1670
1564
1492
1445
1440
1483
1558
1665
1804
1964
2141
2322
2498
2657
2801
2865
2867
2864
2863
2863
2866
2864
2864
2862
2861
2863
2864
2862
2863
2863
2864
2863
2867
2821
2680
2519
2350
2171
1993
1830
1694
1583
1503
1452
1438
1477
1544
1644
1775
1932
2111
2288
2467
2628
2777
2864
2866
2863
2864
2863
2865
2863
2865
2863
2866
2864
2866
2864
2866
2865
2867
2863
2866
2843
2706
2548
2379
2202
2025
1859
1718
1599
1516
1458
1431
1468
1531
1623
1747
1903
2076
2255
2434
2598
2751
2866
2866
2864
2866
2863
2864
2866
2866
2864
2866
2866
2864
2862
2865
2865
2865
2864
2867
2866
2734
2579
2411
2232
2057
1887
1741
1618
1528
1466
1431
1458
1515
1603
1725
1873
2043
2220
2400
2571
2726
2861
2868
2866
2868
2863
2863
2864
2866
2863
2865
2864
2865
2864
2866
2861
2866
2863
2866
2864
2760
2608
2442
2267
2090
1917
1767
1639
1544
1475
1434
1448
1503
1586
1701
1846
2008
2191
2370
2540
2699
2837
2867
2864
2865
2864
2864
2863
2867
2864
2866
2863
2864
2862
2864
2862
2863
2864
2866
2864
2784
2636
2475
2299
2120
1947
1791
1659
1559
1489
1441
1441
1492
1567
1676
1815
1979
2156
2338
2508
2670
2812
2867
2865
2863
2863
2864
2863
2864
2862
2865
2866
2865
2864
2864
2863
2864
2863
2864
2864
2811
2665
2506
2332
2154
1978
1819
1681
1573
1497
1449
1436
1480
1551
1654
1787
1948
2122
2304
2477
2642
2788
2867
2864
2863
2864
2867
2864
2863
2863
2866
2863
2864
2863
2865
2863
2865
2864
2865
2865
2834
2691
2537
2364
2187
2008
1847
1705
1593
1510
1458
1433
1473
1535
1634
1763
1919
2090
2271
2449
2617
2763
2867
2865
2865
2863
2864
2864
2865
2864
2866
2863
2865
2863
2866
2866
2865
2863
2863
2865
2857
2719
2564
2395
2221
2041
1875
1726
1610
1523
1463
1428
1465
1523
1613
1733
1887
2058
2240
2417
2585
2736
2870
2865
2867
2864
2865
2863
2866
2864
2866
2863
2865
2862
2864
2862
2866
2864
2865
2865
2865
2745
2594
2427
2251
2071
1903
1753
1629
1535
1471
1432
1455
1507
1593
1710
1859
2027
2207
2386
2558
2712
2851
2866
2866
2863
2866
2863
2864
2864
2864
2863
2865
2863
2864
2861
2865
2863
2866
2864
2865
2769
2622
2457
2283
2103
1934
1775
1648
1547
1481
1436
1446
1499
1577
1686
1828
1997
2176
2352
2527
2685
2826
2864
2866
2864
2866
2864
2866
2863
2866
2863
2863
2862
2864
2863
2864
2862
2864
2863
2866
2797
2651
2487
2316
2138
1963
1804
1670
1563
1491
1442
1438
1486
1563
1666
1804
1965
2144
2323
2498
2657
2803
2865
2866
2863
2864
2863
2863
2862
2864
2863
2866
2863
2863
2863
2864
2863
2864
2864
2868
2819
2678
2518
2350
2166
1992
1829
1692
1579
1503
1451
1435
1477
1546
1647
1780
1936
2111
2289
2464
2630
2779
2867
2866
2862
2864
2863
2865
2862
2865
2864
2863
2863
2865
2865
2865
2864
2864
2864
2867
2843
2703
2546
2378
2198
2022
1857
1714
1598
1515
1458
1430
1469
1531
1624
1753
1906
2079
2257
2435
2601
2753
2866
2866
2863
2865
2864
2865
2863
2865
2863
2864
2863
2866
2863
2864
2863
2864
2863
2866
2865
2730
2577
2411
2231
2056
1884
1736
1616
1528
1466
1431
1458
1518
1602
1726
1875
2045
2225
2403
2570
2726
2861
2868
2865
2867
2864
2865
2864
2864
2864
2864
2863
2866
2864
2864
2863
2864
2863
2863
2863
2758
2607
2440
2261
2088
1915
1764
1636
1542
1475
1436
1449
1503
1583
1701
1845
2015
2192
2374
2543
2701
2839
2867
2866
2864
2864
2865
2864
2866
2863
2865
2862
2864
2862
2865
2864
2863
2863
2865
2864
2783
2636
2474
2296
2119
1945
1790
1659
1557
1485
1442
1440
1491
1567
1679
1816
1980
2157
2339
2511
2674
2814
2867
2866
2866
2862
2865
2864
2864
2863
2863
2863
2864
2862
2865
2863
2866
2864
2864
2863
2806
2663
2505
2333
2154
1976
1816
1679
1572
1494
1448
1438
1482
1551
1656
1790
1950
2126
2306
2484
2645
2790
2866
2863
2864
2863
2865
2864
2865
2862
2863
2862
2863
2862
2864
2863
2863
2863
2865
2865
2833
2690
2533
2361
2186
2007
1843
1699
1589
1509
1456
1431
1473
1538
1635
1762
1919
2094
2275
2447
2616
2764
2867
2866
2866
2863
2864
2863
2865
2863
2865
2863
2864
2863
2865
2865
2866
2863
2865
2865
2855
2716
2561
2391
2216
2039
1874
1727
1610
1519
1465
1427
1464
1524
1616
1736
1890
2062
2243
2418
2585
2738
2867
2864
2867
2864
2866
2863
2866
2865
2867
2864
2864
2862
2865
2865
2864
2864
2866
2865
2867
2741
2592
2427
2249
2067
1903
1754
1630
1533
1471
1433
1454
1507
1595
1713
1861
2031
2209
2386
2559
2711
2851
2868
2867
2863
2865
2863
2864
2863
2865
2864
2865
2864
2866
2864
2865
2863
2865
2864
2866
2769
2620
2455
2279
2098
1931
1773
1647
1547
1480
1438
1447
1498
1578
1692
1834
1999
2176
2355
2529
2687
2829
2864
2865
2863
2863
2864
2866
2863
2864
2862
2864
2864
2864
2863
2865
2863
2866
2864
2867
2794
2649
2487
2313
2133
1959
1799
1669
1564
1491
1442
1441
1484
1558
1666
1808
1967
2145
2326
2500
2660
2806
2866
2866
2863
2864
2863
2865
2863
2863
2863
2865
2863
2865
2864
2866
2863
2864
2863
2866
2816
2676
2516
2346
2163
1989
1827
1688
1579
1502
1450
1435
1476
1550
1649
1780
1936
2112
2291
2468
2633
2780
2863
2866
2863
2865
2863
2864
2863
2864
2863
2864
2863
2865
2864
2866
2864
2867
2863
2867
2842
2703
2542
2375
2195
2019
1853
1712
1599
1514
1459
1428
1469
1534
1628
1755
1907
2080
2259
2440
2606
2755
2865
2866
2864
2864
2863
2864
2863
2866
2866
2865
2863
2866
2863
2863
2865
2867
2864
2866
2866
2727
2573
2406
2230
2055
1883
1737
1614
1527
1467
1437
1480
1555
1658
1796
1956
2130
2310
